# emoji
128070 127997
128104 127999 8205 10084 65039 8205 128104 127995
128133 127998
127781
128590 127998 8205 9794 65039
128105 127999 8205 10084 8205 128105 127999
129489 127999 8205 128295
127947 127999 8205 9792
128110 127996 8205 9794
129498 127997 8205 9792 65039
129450
128590 127997
129499 127999 8205 9792 65039
128105 127999 8205 129455
129308 127999
128104 127996 8205 10084 8205 128139 8205 128104 127996
127939 127997 8205 9794
129731 127999
128105 127995
128104 127998 8205 129457
129329 127996
128129 127996 8205 9794
128510
129333 127998 8205 9794 65039
129489 127997 8205 10084 8205 128139 8205 129489 127999
129331 127995
127768
129649
129492 127996 8205 9792
9905 65039
127939 127996 8205 9792 65039
127917
9995 127998
129486 127998 8205 9792 65039
129682
127479 127484
129462
127969
128104 127996 8205 10084 65039 8205 128104 127995
128110 127996 8205 9792
127943 127995
128104 127996 8205 129459
9642
128104 8205 127912
129464 127995 8205 9792
127468 127482
129489 127999 8205 129457
127947 8205 9794 65039
127920
129310 127999
128105 127999 8205 9992 65039
128074 127996
129505
129494 127997
127870
128105 8205 9877 65039
128693 127996 8205 9794
127939 8205 9794 65039
128588 127999
128563
128151
128104 127998 8205 10084 8205 128139 8205 128104 127998
9939
12336
129489 127998 8205 128188
129342 127996
128104 127995 8205 129309 8205 128104 127996
128681
129328 127995
127463 127476
129501 127995 8205 9792
48 65039 8419
128104 8205 128102 8205 128102
128104 127995 8205 10084 8205 128104 127997
129489 127999 8205 127891
129465 127996
128130 8205 9792 65039
127474 127477
128105 127998 8205 128187
129493
129777 127998
129707
129498 127996
129374
127861
129489 127996 8205 129458
129746
128105 127999 8205 127891
129336 127998 8205 9794 65039
128105 127999 8205 129309 8205 128105 127998
127981
9939 65039
129750
127946 127995 8205 9794 65039
127923
129337 127997 8205 9792
128105 127998 8205 128300
127946 127995 8205 9792 65039
129494 127996 8205 9794 65039
127474 127487
128276
129335 8205 9794 65039
128116 127998
128110 127995 8205 9792
129485 127999 8205 9794 65039
128079 127998
128105 127995 8205 128300
129337 127998 8205 9792
128104 127998 8205 127981
128104 127996 8205 9877 65039
128105 127998 8205 10084 65039 8205 128139 8205 128104 127996
127469 127481
128241
128373 127996
127480 127464
128105 127997 8205 128188
127885
127464 127473
129491 127999
128476 65039
129489 127995 8205 127912
9757 65039
129486 127997 8205 9792 65039
128692 127997 8205 9794 65039
128582 127996 8205 9792
128105 127998 8205 9992 65039
127473 127481
127468 127475
128587 8205 9794
128329
129494 127996 8205 9794
127468 127480
128545
129486 127997 8205 9792
128105 127995 8205 10084 8205 128139 8205 128104 127998
128105 8205 128105 8205 128103
128105 127996 8205 129309 8205 128105 127995
127919
128105 127998 8205 10084 8205 128139 8205 128104 127999
129384
128105 8205 9877
128104 8205 127859
129489 127997 8205 9877 65039
10084 8205 129657
9996
128105 127997 8205 129457
129489 127998 8205 127806
128105 127998 8205 10084 8205 128139 8205 128105 127996
9851 65039
9824
127874
128558
129489 8205 9877
128135 127995 8205 9794
129464 127997 8205 9794 65039
129499 127999 8205 9794 65039
128115 8205 9792 65039
129489 8205 128295
128570
129494 127996 8205 9792
129369
128067 127998
128107 127999
128105 127996 8205 9877
9997 127995
129489 127995 8205 9878 65039
128175
9208
127945
127827
128589 127999 8205 9794 65039
128105 127999 8205 127979
129305 127995
128135 8205 9794
9823
9198
129780 127998
129390
127479 127466
127834
128590 127998
8598
128076 127997
128105 127995 8205 10084 65039 8205 128105 127999
129500 127995
129337 127997 8205 9794 65039
128694 127998 8205 9794 65039
128660
127472 127475
128047
129496 127996 8205 9792 65039
128690
128105 127995 8205 10084 65039 8205 128139 8205 128104 127998
128587 127997 8205 9794
8597 65039
8252 65039
128022
128105 127995 8205 10084 8205 128139 8205 128104 127995
129494 127997 8205 9792 65039
12349 65039
129470
129489 127996 8205 10084 65039 8205 128139 8205 129489 127999
128483
129335
129335 127998 8205 9794
128070 127995
128105 127997 8205 10084 8205 128139 8205 128104 127996
127543 65039
128105 127996 8205 10084 65039 8205 128139 8205 128104 127996
128104 127998 8205 129459
128406 127997
129434
128105 127995 8205 129459
128105 127997 8205 10084 8205 128139 8205 128105 127998
129295 127996
127846
129342 127997 8205 9792
128104 127995 8205 9878
129485 127996 8205 9792
127899 65039
128693 127997 8205 9792
127462 127464
129464 127995 8205 9794
129489 127996 8205 127891
128105 127996 8205 129458
129489 127995 8205 127979
129500 127999
129335 127995 8205 9792
128719 65039
129766
128105 127995 8205 10084 65039 8205 128139 8205 128104 127995
128104 127996
129489 127996 8205 129309 8205 129489 127996
128104 127995 8205 9877 65039
127946 127997 8205 9792
128080 127997
128371 65039
128104 127998 8205 128300
9760 65039
127856
129425
129465 127995 8205 9794 65039
129486 127996 8205 9794 65039
128424
129496 127997 8205 9792
128105 8205 128295
9197 65039
127464 127477
9883 65039
129305
128104 127997 8205 10084 65039 8205 128139 8205 128104 127996
128692 127996 8205 9792
128129 127999
128104 127999 8205 10084 8205 128104 127999
129337 127996 8205 9794
129670
129489 127997 8205 129468
129489 127996 8205 127868
128590 127998 8205 9792 65039
9937
128587 8205 9792 65039
129336 127996 8205 9794
128105 127999 8205 10084 65039 8205 128104 127995
128581 127997 8205 9792
129489 8205 128300
128587 127996 8205 9792
127869
129318 127996 8205 9794 65039
127940 8205 9794
127909
128160
127481 127467
128105 127995 8205 9992 65039
128159
10035 65039
129336 127995 8205 9794
128590 127995 8205 9794
129489 127999 8205 129309 8205 129489 127995
128135 127999 8205 9792
128105 8205 127908
128104 127999 8205 129468
129367
129489 127995 8205 127981
128105 127996 8205 129309 8205 128104 127997
129498 127998
127467 127474
128105 127997 8205 10084 65039 8205 128139 8205 128104 127995
128105 127996 8205 10084 8205 128139 8205 128105 127997
129487 127998 8205 9794 65039
128104 127997 8205 10084 65039 8205 128104 127996
9889
128143 127999
129362
9830 65039
128512
128375
129465 127996 8205 9792
128488
129485 127999
129485 8205 9792 65039
129499 127995 8205 9792
129334 127996
128104 127997 8205 10084 8205 128104 127998
128346
129467 127995
127895 65039
129497 127999 8205 9794
129497 127999 8205 9792
129489 127999 8205 127908
129333 127995 8205 9794
8597
129335 127995 8205 9792 65039
127478 127462
128137
128583 127999 8205 9794
129763
129485 127999 8205 9792 65039
9410 65039
129501 127995 8205 9794 65039
128145
128109 127998
128709
9977 127996
128135 127998 8205 9794 65039
128105 127998 8205 10084 8205 128139 8205 128105 127995
127468 127465
129781 127996
129341 8205 9794 65039
129335 127996
127950
128478 65039
127948 127995 8205 9792
128658
128135 8205 9792
128105 127998 8205 129459
128373 65039 8205 9794 65039
129489
129333 127996 8205 9794
128693 127996 8205 9792 65039
128070 127996
9940
128105 127996 8205 10084 65039 8205 128104 127996
128119 127998 8205 9794
129464 127997
128105 127996 8205 10084 65039 8205 128105 127997
128104 127996 8205 9878 65039
129489 127995 8205 129309 8205 129489 127997
128105 127995 8205 9877
129481
128105 127995 8205 10084 65039 8205 128139 8205 128105 127996
128277
129489 8205 127859
129485 127998
129404
128104 127999 8205 10084 8205 128139 8205 128104 127995
128092
129410
8265 65039
127463 127462
10145 65039
129494 127996 8205 9792 65039
128105 127998 8205 10084 8205 128105 127996
127462 127481
129325
129438
128073 127999
128130 127999 8205 9794
128372 127999
128587 127999 8205 9794 65039
129465 127996 8205 9794
129489 127996 8205 10084 65039 8205 128139 8205 129489 127995
128105 127999 8205 10084 65039 8205 128105 127995
129349
129489 127996 8205 128188
128042
9999
129492 8205 9792 65039
129764
129489 127998 8205 127876
129333 127995 8205 9792 65039
129329
127476 127474
128373 127999
127467 127476
127486 127466
128021 8205 129466
128693 127997 8205 9794
128589 127995 8205 9792
129488
128581 127995 8205 9792 65039
128129 127998 8205 9792
128105 127995 8205 10084 65039 8205 128104 127997
128104 127996 8205 10084 8205 128139 8205 128104 127998
129532
128111 8205 9792 65039
129489 127998 8205 129309 8205 129489 127997
129335 127995 8205 9794
128113 127999 8205 9792 65039
128589 127997 8205 9792
128120 127996
9726
128644
129489 127997 8205 10084 8205 129489 127995
128105 127998 8205 10084 65039 8205 128139 8205 128104 127998
128104 8205 9878
129489 127997 8205 10084 65039 8205 128139 8205 129489 127998
129492 127996
128134 127998 8205 9792 65039
128110 8205 9792
128581 127995 8205 9794 65039
128587 127995
128104 127998 8205 129309 8205 128104 127997
9197
128591 127996
128104 127999 8205 127912
128195
129496 127995
128105 127996 8205 10084 65039 8205 128104 127995
128105 8205 128105 8205 128102 8205 128102
128103 127996
128119 127995 8205 9794
128050
128236
127568
9811
128105 127997 8205 10084 65039 8205 128139 8205 128105 127996
129342 127998
129489 127996 8205 127876
128704 127996
128513
129486 8205 9792 65039
129527
127934
129464 127996 8205 9792 65039
128157
128582
128105 127999 8205 10084 8205 128104 127999
127464 127475
9832
128110 127995 8205 9794 65039
128495
128373 127996 8205 9794
128105 127996 8205 128188
128119 127997
128104 127997 8205 127912
128643
128311
127822
127490
128068
127940 127996 8205 9792 65039
128110 127998 8205 9792
128212
128373 127997 8205 9794 65039
128135 127995 8205 9794 65039
127946 127998 8205 9794
128105 127995 8205 129456
128105 127998 8205 127891
9977 127995 8205 9794 65039
128569
129323
129490 127998
128115 127998 8205 9794 65039
129753
128105 127997 8205 129309 8205 128105 127999
128116 127997
128576
128104 127997 8205 128295
127939 127999
129328
128124 127995
129485 127998 8205 9794 65039
129489 127997 8205 128187
128648
129489 127997 8205 129309 8205 129489 127999
128113 127995 8205 9794
129733 127999
129494
128105 127998 8205 10084 65039 8205 128105 127997
129326
129443
128292
128002
129311 127997
129464 8205 9792 65039
127939 127995
128105 127997 8205 10084 65039 8205 128104 127999
128113 127997 8205 9794
128104 127999 8205 9992 65039
10055
128104 127995 8205 129459
128105 127995 8205 10084 8205 128104 127998
128590 127999 8205 9794
128434
129486 127999
129778 127995
128173
128105 127997 8205 9878
128113 127997 8205 9792 65039
128113 127998 8205 9794
129777 127997 8205 129778 127996
128331
128085
129492 127999 8205 9792 65039
129318 127995 8205 9792 65039
128104 127998 8205 9992
129489 127998 8205 128640
129501 127995 8205 9792 65039
128118 127995
127995
129302
128105 127997 8205 127891
128082
128233
128104 8205 128103 8205 128102
128590 127995 8205 9794 65039
127946 127997 8205 9794
127931
128675 8205 9794 65039
128104 127995 8205 9992
129733 127998
128105 127998 8205 9878
128105 127998 8205 128188
127464 127485
128104 127996 8205 127908
128135 127998 8205 9794
9977 8205 9792 65039
128581 8205 9794 65039
128581 127997
129489 127997 8205 9878 65039
127947 127998 8205 9792
128102 127999
128297
127386
128725
8505
129782 127998
129749
128105 127997 8205 10084 8205 128104 127996
127472 127479
128105 127998 8205 10084 8205 128139 8205 128105 127998
129332 127997
128400 127995
128104 127997 8205 10084 8205 128139 8205 128104 127995
128582 127995 8205 9794 65039
127939 127999 8205 9794
128581 127995
127858
128329 65039
129436
128129 8205 9794 65039
129337 127996 8205 9794 65039
127477 127469
128119 127996 8205 9792 65039
128115 127996 8205 9792
127947 127997 8205 9792
129779 127998
127480 127481
129489 127996 8205 10084 65039 8205 129489 127999
128054
129485 127997 8205 9792
127477 127472
129489 127997 8205 127912
127897
128373 65039 8205 9792 65039
128591 127998
127784
128110 127997 8205 9792
54 65039 8419
129336
129498 8205 9794
127464 127479
129318
127464 127464
128125
12953
127792
129489 127999 8205 10084 65039 8205 129489 127998
127957
129411
128145 127996
128356
128692 127998 8205 9792 65039
129489 127997 8205 10084 8205 129489 127999
127798 65039
128104 127996 8205 129309 8205 128104 127998
128257
128105 127997 8205 10084 65039 8205 128105 127997
129489 127997 8205 10084 8205 128139 8205 129489 127998
127939 127996
129513
129335 127999
127764
128580
127948 8205 9792 65039
129361
129487 127999 8205 9794 65039
127976
127948 127997 8205 9792 65039
128583 127996 8205 9794 65039
129489 127996 8205 9992
9977 127997 8205 9794
127940 127995 8205 9794 65039
129501 8205 9794
128104 127998 8205 9877 65039
129499 127995 8205 9792 65039
127474 127484
128582 127998 8205 9792
129501 8205 9792
127463 127469
128103 127998
9994 127995
128104 127998 8205 10084 8205 128104 127996
128104 127999
129489 127996 8205 127908
8986
129334 127999
129714
10160
35 8419
127907
128171
128581 8205 9794
128104 127997 8205 9992 65039
129394
128506 65039
128110 127998 8205 9794 65039
128112 127995 8205 9792 65039
128583 127997 8205 9794
129777 127996
48 8419
128368
128105 127997 8205 10084 65039 8205 128104 127996
51 8419
128104 127996 8205 129309 8205 128104 127999
10549 65039
128104 8205 128104 8205 128103
129776 127999
128692 8205 9794
129494 127999 8205 9794 65039
129465 127999 8205 9794
128587
129370
129761
129499 127998
129489 127999 8205 9877 65039
9732 65039
128994
9200
128587 127996 8205 9794 65039
128104 127995 8205 10084 8205 128139 8205 128104 127995
128113 127995
128652
127936
128104 127995 8205 129469
127801
129332 127996
128581 127998 8205 9794
129306
129338
128124 127997
129489 127995 8205 129469
129533
127463 127467
129499 127995
128074 127998
129335 8205 9792
127812
128105 127997 8205 10084 8205 128104 127999
129337 127999 8205 9794 65039
128129 127997 8205 9792 65039
128571
128105 8205 127912
129486 127997 8205 9794
129487 127999 8205 9792
50 8419
128129 127995 8205 9792
128179
128105 127998 8205 10084 8205 128139 8205 128104 127997
129489 127995 8205 128187
128104 8205 10084 8205 128104
128134 127995
128587 127998 8205 9792
128332
128591 127997
127904
127948 127999 8205 9792
128138
129489 8205 127868
128105 127996 8205 10084 8205 128104 127997
12951
9994 127997
127988 917607 917602 917623 917612 917619 917631
129497 127996 8205 9794
128105 127999
129502 8205 9792 65039
129497 127997 8205 9792 65039
128581 127998
128694 8205 9792
10145
129464 127999 8205 9792
129408
129333 127998 8205 9792 65039
129747
8617
128104 127996 8205 129469
128074 127997
128105 8205 129455
54 8419
128071 127998
128738
129510
128559
55 65039 8419
129498 127996 8205 9794 65039
129777 127995 8205 129778 127997
129498 127997 8205 9794 65039
9977 127998
127474 127480
128117 127999
129304 127999
128299
129421
128134 127997 8205 9794 65039
128675 127995 8205 9794
127932
128074 127995
128587 127998
9994 127998
129337 8205 9792 65039
129296
128584
9888 65039
129500 8205 9792 65039
128105 127998 8205 10084 65039 8205 128139 8205 128105 127999
128158
129341 127995 8205 9794 65039
10060
129336 127998 8205 9792 65039
129489 127995 8205 127891
128104 127999 8205 10084 8205 128104 127996
129477
129501 8205 9794 65039
127465 127487
129330 127999
128105 127999 8205 127981
127482 127486
128070 127999
128104 127998 8205 10084 65039 8205 128104 127997
129733 127995
128105 127998
129777 127999
9996 127995
129489 127995 8205 10084 8205 129489 127999
129777 127997 8205 129778 127999
128104 127999 8205 10084 65039 8205 128104 127999
128105 127997 8205 128658
128118 127999
128130 127998 8205 9792 65039
127463 127468
127839
129333 127995 8205 9794 65039
129464 8205 9794
128066 127997
128583 127999 8205 9792
128113 127997
128234
128286
57 65039 8419
127463 127473
128759
127468 127479
129336 127995
128590 127996 8205 9794
129489 127998 8205 10084 65039 8205 129489 127997
128104 127995 8205 10084 65039 8205 128104 127996
129308
128590 8205 9792
128144
129498 127997 8205 9794
129489 127995 8205 127806
128129 127996
9977 127996 8205 9792 65039
129342 127996 8205 9792
129489 127996 8205 10084 8205 128139 8205 129489 127998
127939 8205 9794
128075 127995
129494 127997 8205 9792
128021
128113 127999
129489 8205 129459
128105 127998 8205 127981
128110 127996 8205 9794 65039
127946 127998 8205 9792
128737 65039
128104 127995 8205 10084 8205 128139 8205 128104 127998
127947 127997 8205 9794 65039
127946 127996 8205 9794
129396
127947 127996
129489 127996
9996 127999
129498 127997
128104 127996 8205 127859
128762
127948 65039 8205 9794
128134
128704 127997
128693 127996 8205 9794 65039
129465 127998 8205 9794
129495 127999
128105 127995 8205 10084 8205 128105 127998
127947 127999
128113 127996 8205 9792 65039
128105 127999 8205 10084 8205 128139 8205 128104 127999
129399 127999
128367
128105 127997 8205 129309 8205 128104 127999
128105 127996 8205 9992
128135 127996 8205 9794 65039
128288
128315
128104 127996 8205 128187
128587 127996 8205 9792 65039
128998
127378
128220
127803
128741 65039
129335 127999 8205 9794
128514
128105 127995 8205 10084 65039 8205 128139 8205 128104 127999
128115 8205 9794 65039
129489 127996 8205 129309 8205 129489 127998
128129 127999 8205 9792 65039
129489 127999 8205 128187
128134 127998
128143 127997
127468 127477
129307 127999
129318 8205 9794 65039
127464 127462
128561
128105 127996 8205 10084 8205 128139 8205 128104 127995
129489 127996 8205 10084 8205 128139 8205 129489 127995
9977 8205 9792
128104 127998 8205 10084 65039 8205 128104 127999
128397
129500 127998 8205 9794 65039
128104 127996 8205 128300
127988 917607 917602 917619 917603 917620 917631
127374
128373 127999 8205 9794
129495 127998 8205 9794
128104 127998 8205 10084 65039 8205 128104 127998
129686
127795
128075 127996
128704
128105 127997 8205 10084 65039 8205 128104 127995
128104 127995 8205 128187
128587 127998 8205 9792 65039
128666
128373 127996 8205 9794 65039
129489 127998 8205 10084 65039 8205 129489 127996
128583 127998 8205 9794
129471
9874
127853
129464 127999 8205 9794 65039
128507
129779 127999
128043
129485 8205 9792
128104 127999 8205 10084 8205 128104 127997
9881
126980
128583 127997 8205 9792
128105 127995 8205 128658
128692 127999
129497 127997
128104 127995 8205 129457
128582 127995
9935
128120 127999
129489 127999 8205 129309 8205 129489 127998
129464 127998 8205 9792 65039
128105 127999 8205 10084 65039 8205 128139 8205 128104 127996
128097
129333 127997 8205 9792 65039
127946 127996
127783 65039
129495 8205 9792 65039
9742 65039
129512
128104 127999 8205 9878 65039
129732 127995
129311 127998
127475 127482
128582 127998 8205 9794 65039
129501 127999 8205 9792 65039
128104 127995 8205 10084 8205 128104 127995
127994
129529
128676
129495 127998 8205 9792 65039
127940 127999 8205 9794
129337 127995 8205 9792
129485 127995
128130 8205 9792
128105 127995 8205 129309 8205 128105 127998
128105 127995 8205 10084 8205 128105 127999
128130 127995 8205 9794
129318 127998 8205 9794
129489 127996 8205 10084 8205 129489 127998
128110 127999
128105 127997 8205 9877
129497 127995 8205 9792 65039
127947 127997
129460
128704 127995
127946 127999 8205 9792
128664
129489 127998 8205 129309 8205 129489 127995
128105 8205 9992 65039
128115 127998 8205 9792 65039
9977 127999 8205 9792
129440
129406
128113 127996 8205 9792
129489 127997 8205 129309 8205 129489 127996
129487 127997 8205 9792
129502 8205 9794 65039
128105 127998 8205 129469
129489 127995 8205 10084 8205 129489 127997
128105 127997 8205 127979
127358
129341 127999 8205 9792
129489 127995 8205 128658
129486 127997
129777
129494 8205 9792 65039
128014
129336 8205 9794
128583 127996 8205 9792
129318 127997
129498 127998 8205 9794 65039
129731 127995
128190
129777 127998 8205 129778 127995
129341 127999 8205 9794 65039
128104 127998 8205 10084 65039 8205 128139 8205 128104 127998
128269
9774
128110 127997 8205 9794
127755
128259
128118
128111 8205 9794 65039
128130 127997 8205 9792 65039
127940 127997 8205 9794
128477 65039
128134 127995 8205 9792
129388
10006 65039
128105 127995 8205 129309 8205 128104 127997
129489 127995 8205 129458
128104 127995 8205 10084 8205 128139 8205 128104 127997
129689
128130 127997 8205 9794
129399 127997
128166
128114 127997
129489 127998 8205 10084 8205 129489 127997
128105 127995 8205 128295
129489 127995 8205 10084 65039 8205 129489 127996
128583 127995 8205 9794 65039
129306 127995
128105 127999 8205 9877
128110
127465 127468
128105 127995 8205 10084 65039 8205 128139 8205 128104 127996
128582 127999 8205 9794
129497 127999 8205 9794 65039
128274
129337 127998 8205 9794 65039
128669
128583 127995
129318 8205 9794
128304
128104 8205 127868
128581 127999
129497 127997 8205 9794 65039
128694 127996 8205 9792 65039
129487 127998 8205 9792 65039
129489 127997 8205 129309 8205 129489 127997
128104 127998 8205 9878 65039
9878
129520
129495 127997 8205 9792
128209
128105 127998 8205 127806
127345
129492 127995
129494 127999 8205 9792 65039
129465 127997 8205 9792 65039
128244
128237
128694 127995 8205 9792
129732 127998
128281
128104 127997 8205 10084 65039 8205 128104 127997
127880
128057
128581 127998 8205 9794 65039
128112 127996 8205 9794
129489 127999 8205 10084 8205 128139 8205 129489 127996
128104 8205 129457
129489 127998 8205 10084 65039 8205 129489 127999
128105 127995 8205 10084 8205 128139 8205 128104 127996
128684
129489 127995 8205 10084 8205 128139 8205 129489 127998
9971
129500 127997 8205 9794
128105 127998 8205 127859
127466 127466
127471 127477
127852
12951 65039
129307 127998
128105 127999 8205 10084 65039 8205 128139 8205 128105 127998
129494 8205 9794 65039
127542
128105 127999 8205 9878 65039
129485 127998 8205 9792
129776 127998
128692 8205 9794 65039
128583 127998 8205 9794 65039
127837
128105 127996 8205 10084 65039 8205 128105 127999
10548
129357
127943 127997
129489 127996 8205 129309 8205 129489 127999
128188
9899
128077 127996
127468 127473
128112
128716
129489 127998 8205 9878 65039
129489 127997 8205 10084 65039 8205 128139 8205 129489 127995
128170 127997
128105 127995 8205 10084 8205 128139 8205 128105 127999
128104 127996 8205 10084 8205 128139 8205 128104 127999
128100
129419
128024
128105 127995 8205 10084 8205 128104 127996
9757 127999
128104 8205 129468
129497 127995
129337 127998 8205 9794
129431
128133 127995
129489 127999 8205 127912
129489 127995 8205 10084 65039 8205 129489 127999
128168
129486 127998 8205 9792
128675 127999 8205 9792
128246
129681
128124
129496 127996 8205 9794
128300
129777 127997 8205 129778 127998
129489 127997 8205 128300
127780 65039
127947 8205 9792
128105 127996 8205 10084 65039 8205 128105 127998
129489 127995 8205 127859
129485 127995 8205 9794
129777 127995 8205 129778 127996
127903
128104 127999 8205 9877 65039
128080 127999
129485
128134 127999
128074 127999
8596
129732 127996
128105 127997 8205 129469
129341 127998 8205 9794 65039
127487 127474
128027
128112 127999 8205 9794 65039
128739 65039
129489 127998 8205 127891
128105 127999 8205 129469
129340 8205 9792
128124 127999
8598 65039
127480 127480
129492 127996 8205 9794
127464 127468
128997
9786
10084 65039 8205 128293
129650
129332 127998
128649
127838
128378 127998
128242
129341 127999
128680
129489 127995 8205 127908
127948 127997 8205 9794
129489 127996 8205 129459
129376
128589 127996 8205 9792 65039
128104 8205 127806
128509
127830
129489 127996 8205 128295
128104 8205 9878 65039
128340
10084 8205 128293
128176
128117
10069
128135 127997 8205 9792 65039
128657
129342 127996 8205 9794 65039
129465 127997 8205 9792
128104 127997 8205 10084 65039 8205 128139 8205 128104 127998
129318 127996 8205 9794
129485 127995 8205 9794 65039
128675 127996
128105 8205 129456
128104 8205 128105 8205 128103 8205 128103
128104 127995 8205 10084 65039 8205 128104 127999
129497
128134 127997
128374 65039
128373 127999 8205 9792
129496 8205 9792 65039
128134 127996 8205 9792
127948 127995
128586
127940 127998 8205 9792
129492 127998
129489 127995 8205 129309 8205 129489 127996
129499 8205 9794 65039
10002 65039
128044
127877 127999
127949 65039
128111 8205 9792
129342 127996 8205 9792 65039
128105 127999 8205 129458
127980
127474 127465
127474 127466
129731
129407
129492 127995 8205 9794 65039
128104 127997 8205 10084 65039 8205 128104 127999
128129 127998 8205 9794 65039
128238
128219
127883
128373 127995 8205 9792
128704 127998
128675 127996 8205 9792 65039
127876
129501 127995 8205 9794
129501 127998 8205 9794 65039
128336
127898
129342 127997 8205 9792 65039
127948 127998 8205 9792
127481 127469
128343
127767
129499 127997 8205 9792 65039
128105 127998 8205 10084 8205 128105 127997
128373 8205 9794
128104 127998 8205 129468
129311
129320
128073 127995
128134 127997 8205 9792
128582 127998
127940 127998 8205 9794 65039
128581 127995 8205 9794
128675 8205 9792 65039
128129 127997 8205 9794
128675
9752 65039
129341 127996 8205 9792 65039
128587 127999 8205 9792 65039
128675 127995 8205 9792
129337 8205 9794 65039
128104 127995 8205 127979
128582 127999 8205 9794 65039
128104 8205 9877
129497 127998
128105 127999 8205 10084 8205 128139 8205 128105 127995
128113 127996 8205 9794
128119 127998
127477 127473
129433
129495 127998 8205 9794 65039
128120 127995
9986 65039
128129 127997
127912
128373 127998
129497 127996 8205 9794 65039
127847
128104 127996 8205 10084 8205 128104 127997
127808
128059 8205 10052
128104 127997 8205 10084 8205 128139 8205 128104 127999
127472 127466
128590 127997 8205 9794
129498 127995
129318 127998
128668
129493 127998
128105 127996 8205 129309 8205 128104 127999
128105 8205 10084 8205 128139 8205 128105
129489 127998 8205 129456
128105 127999 8205 9992
128104 127997
9976 65039
127514
128675 127997 8205 9794
128104 127997 8205 127859
128104 127995 8205 127868
128091
128112 127996 8205 9792
129500
127952
129380
128075 127999
128105 8205 127891
129372
128130 127998 8205 9794
10004
128530
128104 127996 8205 129309 8205 128104 127997
129295 127998
128717
128105 127996 8205 10084 65039 8205 128139 8205 128104 127995
127928
128104 127998 8205 127868
127464 127472
129455
128109 127996
129486 8205 9794
8596 65039
128105 127998 8205 10084 8205 128104 127997
128722
128208
129300
127939 127997 8205 9792
128589 127996 8205 9794
128104 127998 8205 10084 65039 8205 128104 127995
128218
127948 127996 8205 9792
129498 127999 8205 9794
128110 127999 8205 9792 65039
129318 127998 8205 9792 65039
128075 127998
127988
129313
129494 127995 8205 9792
128105 8205 9992
129487 127996
127183
129329 127999
129489 127999 8205 127876
128223
127462 127465
128694 127997 8205 9794 65039
127359 65039
129439
127843
129499 127995 8205 9794
128104 127998 8205 9992 65039
127962 65039
127987 65039 8205 9895
129500 127996 8205 9794 65039
128105 127995 8205 128640
127940 127995 8205 9792
128059
128400
128155
128115 127999
129337 127995 8205 9794 65039
129492 127999 8205 9792
9905
128104 127998
128105 127999 8205 127912
129000
127482 127475
9806
128104 127997 8205 128188
52 8419
129489 127995 8205 10084 65039 8205 128139 8205 129489 127996
128565
129337 127999
128306
129342 127999 8205 9792
127469 127474
128478
128135
129336 127998 8205 9792
128582 127995 8205 9792
129495 127996
129342
129501
9809
128735
128105 127999 8205 128658
128372
9757 127997
127946 8205 9794 65039
129489 8205 127908
129347
129318 8205 9792
129496 127999 8205 9792
128104 127995 8205 10084 65039 8205 128139 8205 128104 127998
128104 127997 8205 129468
128119 8205 9792 65039
128444 65039
129341 127997 8205 9794
129500 8205 9792
129489 127998 8205 129459
129328 127997
9978
129489 127999 8205 128188
127998
128078 127998
128134 127998 8205 9792
129342 127998 8205 9792 65039
129356
129322
128096
129464 8205 9792
128104 8205 128300
128119 127999 8205 9792 65039
129487 8205 9794 65039
129003
9203
128192
127480 127474
127857
128065 65039 8205 128488
128191
128587 127997
128026
8599 65039
129495 127997 8205 9794
128105 127995 8205 10084 8205 128139 8205 128105 127995
128104 127999 8205 128187
128105 8205 129468
128105 127995 8205 9877 65039
128105 127999 8205 129309 8205 128104 127995
127473 127483
128104 127998 8205 128640
129498 127996 8205 9792 65039
128112 127996
128072 127999
128110 8205 9794 65039
129489 127997 8205 128640
127787
129304 127998
128131 127996
128104 127996 8205 129468
9895
128113 127998
129336 8205 9794 65039
128148
129497 127998 8205 9792
9805
129333 127996 8205 9792
129489 127995 8205 10084 65039 8205 129489 127997
129500 127995 8205 9794 65039
128135 127998
9884 65039
10013
129489 127996 8205 127859
127942
127953
129341 127999 8205 9792 65039
128104 127998 8205 10084 8205 128104 127999
127474 127481
128391 65039
129489 127998 8205 10084 65039 8205 128139 8205 129489 127996
128105 127997 8205 129309 8205 128105 127998
128373 8205 9792
127467 127471
129700
9977 127998 8205 9792
128105 8205 128105 8205 128103 8205 128102
8987
129487 127995
129464 127998 8205 9794 65039
128764
129777 127996 8205 129778 127998
127481 127464
127987 65039
128693 127999 8205 9792 65039
127791
128105 127997 8205 10084 65039 8205 128139 8205 128104 127996
52 65039 8419
128692 127998 8205 9794
127569
129318 127996 8205 9792
128694 127999 8205 9792
129341 127998 8205 9792
128104 127996 8205 10084 65039 8205 128104 127996
129497 127998 8205 9794 65039
128129 127997 8205 9792
129487 127998
128694 127998 8205 9792 65039
128697
129751
127786 65039
127947 8205 9792 65039
129336 127996 8205 9792 65039
127973
9854 65039
9784
129503 8205 9792
128587 8205 9794 65039
128583 127999 8205 9794 65039
129462 127998
129489 8205 128658
129489 127996 8205 10084 8205 128139 8205 129489 127999
129501 127997 8205 9792
128105 127998 8205 127908
127462 127480
128104 127997 8205 10084 8205 128104 127995
128105 127995 8205 10084 8205 128139 8205 128105 127998
128202
129778 127999
129486 8205 9792
127940 127996 8205 9794
128590 127997 8205 9794 65039
129489 127996 8205 9877 65039
129486 127996 8205 9794
127825
128105 127996 8205 127891
129499 127996 8205 9794 65039
129333 127998 8205 9792
129500 8205 9794
129489 127999 8205 10084 65039 8205 129489 127997
128579
129465 127996 8205 9792 65039
9977
129526
129489 8205 9877 65039
127483 127462
128424 65039
129465 127998 8205 9792 65039
128715
9995 127995
128693 127995 8205 9792 65039
128105 127999 8205 10084 65039 8205 128104 127998
127999
127872
9975
129494 8205 9794
129489 127996 8205 129309 8205 129489 127995
128134 127995 8205 9794 65039
129412
127888
129489 127997 8205 9992 65039
129486 127995 8205 9792 65039
129777 127997 8205 129778 127995
128495 65039
127933
127477 127479
129336 127999 8205 9792
129503 8205 9794
128105
127988 917607 917602 917605 917614 917607 917631
128698
128695
128581 127996 8205 9794 65039
128102 127997
129489 127997 8205 10084 65039 8205 129489 127999
128581 127996 8205 9792
127470 127476
128405 127999
129782 127995
127946 127998 8205 9794 65039
9730 65039
9763
128582 127998 8205 9794
129342 127998 8205 9792
53 65039 8419
129307
9202 65039
128104 127995 8205 10084 8205 128104 127999
129492 127997 8205 9794 65039
127481 127465
128122
128694 127999 8205 9794
129341 127998 8205 9794
127848
9970
128104 127995 8205 127806
128305
128115 127995 8205 9792
128296
128373 127998 8205 9792
127544
129489 127999 8205 10084 8205 128139 8205 129489 127997
128694 8205 9792 65039
128590 127995 8205 9792
128105 8205 128300
129401
128102 127996
128112 8205 9792 65039
127947 127995 8205 9792 65039
9775 65039
128105 127995 8205 10084 8205 128139 8205 128104 127999
128692 127999 8205 9794 65039
9725
128105 8205 10084 8205 128105
128067
128345
128053
128587 127995 8205 9794 65039
129341 8205 9792 65039
128549
127467 127479
129335 127996 8205 9794
10134
128174
128675 127997 8205 9792
128590 127995
128104 127996 8205 129455
127940 8205 9794 65039
128120
129489 127999 8205 128640
128001
9961 65039
128542
128354
129518
128692 127999 8205 9792
128105 127995 8205 9992
128105 127999 8205 10084 8205 128139 8205 128104 127996
127477 127480
42 8419
129498 127999 8205 9792
129496 127998 8205 9794
129358
55 8419
128135 127997 8205 9792
128009
128025
129475
128058
128103 127995
129333 127998 8205 9794
10035
128587 127996 8205 9794
128052
128581 8205 9792
128105 127996 8205 10084 8205 128104 127999
128105 127999 8205 10084 8205 128139 8205 128105 127996
128104 127998 8205 10084 65039 8205 128139 8205 128104 127995
129468
128693 8205 9792
9968 65039
129696
128105 127995 8205 129309 8205 128104 127996
9851
128104 127996 8205 10084 65039 8205 128139 8205 128104 127995
128184
11035
128185
129492 127995 8205 9792
127483 127464
128104 127995 8205 9992 65039
169 65039
128104 127995 8205 10084 65039 8205 128104 127995
129489 127997 8205 10084 65039 8205 129489 127995
128104 127998 8205 10084 65039 8205 128139 8205 128104 127999
128222
128240
127468 127486
129487 127999 8205 9792 65039
128104 8205 128188
127474 127462
129777 127998 8205 129778 127999
129341 127995
9643 65039
128582 127999 8205 9792
128090
128216
129414
128590 127999 8205 9792 65039
129335 127998 8205 9792 65039
129495 127999 8205 9794
129337 127995
129492 127998 8205 9794 65039
9202
128450 65039
127975
128748
127469 127472
129489 127995 8205 10084 8205 128139 8205 129489 127996
128135 127997 8205 9794 65039
129494 127997 8205 9794 65039
128105 127997 8205 9992 65039
128104 127998 8205 127908
128590 127998 8205 9792
128112 127997
128105 127995 8205 129457
128104 127998 8205 128295
128587 127995 8205 9792 65039
128250
127480 127469
128543
127462 127473
128105 127998 8205 10084 8205 128104 127998
128556
128675 127995 8205 9794 65039
128589 8205 9792
129501 127998 8205 9794
128726
127470 127464
128115
129498 127995 8205 9792
129485 8205 9794 65039
129489 127995 8205 127868
127877 127995
128104 127996 8205 9877
128716 127995
129379
128134 127999 8205 9792 65039
129494 127999 8205 9794
128104 127999 8205 129455
128589 127998
128105 127998 8205 129456
129335 8205 9792 65039
127811
127468 127468
127538
128073
129495 127998 8205 9792
127785
128558 8205 128168
128130 127997
128273
128104 127999 8205 10084 8205 128139 8205 128104 127998
128135 127999
129337 127999 8205 9792 65039
129489 127998 8205 10084 8205 128139 8205 129489 127995
129501 8205 9792 65039
129465 8205 9794 65039
129486 127996 8205 9792 65039
127946 127999 8205 9792 65039
128105 127995 8205 129309 8205 128105 127999
129329 127998
9977 127995
128260
127832
128112 127997 8205 9792
129465 127998 8205 9792
11093
9654
128590 127996 8205 9792 65039
128104 127996 8205 127806
128316
128105 127996 8205 127981
128694 127997 8205 9792 65039
128105 8205 10084 65039 8205 128104
129494 127996
128012
129330 127998
128105 127995 8205 127912
128105 127998 8205 129458
128073 127996
128105 127996 8205 128300
129501 127998 8205 9792 65039
129485 127998 8205 9792 65039
127947 127995 8205 9794
128692 127995 8205 9794
128076
127862
129311 127996
129486 127996
127873
128104 127999 8205 10084 8205 128139 8205 128104 127996
128213
128105 127997 8205 127868
128675 127998 8205 9794 65039
128080 127996
128583 127995 8205 9792
129494 127998 8205 9792
128655
128104 127996 8205 127891
128105 127997 8205 10084 65039 8205 128139 8205 128104 127997
128078 127996
128581 127999 8205 9792 65039
9994 127996
128104 127999 8205 127908
128224
128080 127998
128065 8205 128488
128105 8205 127979
127964 65039
128105 127999 8205 9878
127948 127995 8205 9794
129782 127999
127813
128107 127996
128692 127997 8205 9792 65039
127940 127998
128705
128170 127998
9997 127997
128075 127997
129486 127997 8205 9794 65039
129464 127999 8205 9794
129295 127997
129482
128114 127999
129732 127999
128011
129495 127997 8205 9792 65039
129333 127999 8205 9792
128105 127998 8205 10084 8205 128105 127999
127470 127479
129465
128375 65039
127865
128105 127998 8205 129309 8205 128104 127997
9724
127818
128065 65039
128344
9642 65039
129489 127995 8205 10084 8205 128139 8205 129489 127999
129535
128253 65039
128104 127999 8205 9877
9731 65039
128330 65039
127766
129386
128675 127999
128554
128694 127996
129333 127999 8205 9792 65039
128105 127998 8205 10084 65039 8205 128105 127995
128105 127997 8205 10084 8205 128104 127995
129489 127996 8205 129456
129659
9981
127946 127995
128105 127999 8205 10084 65039 8205 128139 8205 128104 127995
128272
129489 127998 8205 128295
128105 127995 8205 129458
129472
129494 127998 8205 9792 65039
9874 65039
128373 127997 8205 9794
128104 127997 8205 127806
10175
129478
129652
129492 8205 9792
127475 127466
129648
128105 127997 8205 10084 65039 8205 128105 127998
129781 127999
128692 127998
129489 127997 8205 129457
128115 127998 8205 9794
129489 127996 8205 128300
128105 127998 8205 128295
127946 127999 8205 9794
129489 127996 8205 9992 65039
128303
128108 127997
129721
127970
129491 127997
128373 65039 8205 9794
128465 65039
127489
129340
129489 127997 8205 129458
129341 127995 8205 9794
128112 8205 9792
129777 127999 8205 129778 127995
129336 127996
129489 127999 8205 129469
129308 127997
129363
128129 127998 8205 9794
128104 127997 8205 127979
128198
128105 127998 8205 10084 65039 8205 128104 127998
128119 127996 8205 9792
128373 127996 8205 9792
127462 127470
128079 127995
129389
128741
129464
128114 127995
129336 127995 8205 9792 65039
128130 127996 8205 9792
9745 65039
127940 127997
129318 127997 8205 9794
128590 127996 8205 9794 65039
129354
129489 127999 8205 129456
128589 8205 9792 65039
128589 127999 8205 9792
129416
127757
128103 127997
129497 127996
128004
129777 127996 8205 129778 127995
128581 127996
128086
128051
127961
128372 127996
129495 127995 8205 9794
128094
129489 127998 8205 10084 8205 129489 127999
129435
128070 127998
128391
129491 127996
129489 127999 8205 10084 8205 129489 127998
128104 127999 8205 10084 8205 128139 8205 128104 127997
9823 65039
128693 127995
127474 127479
128694 127997 8205 9792
128130 127999 8205 9792
128104 127995 8205 127859
128016
127466 127481
128104 127995 8205 9878 65039
128104 127995 8205 129309 8205 128104 127999
127475 127487
129489 8205 129457
129341 8205 9794
128516
128142
127487 127484
129487 8205 9794
128071 127996
128104 127996 8205 128640
128105 127996 8205 10084 65039 8205 128104 127998
129318 127999 8205 9794 65039
128104 127999 8205 127981
128104 8205 9992
129335 127996 8205 9794 65039
128685
129496 127997 8205 9792 65039
128105 127995 8205 10084 65039 8205 128104 127998
129492 127997 8205 9792 65039
128589 127995 8205 9792 65039
127463 127486
128672
129420
129337 127998
128143 127998
129489 8205 129309 8205 129489
9875
128727
9977 65039 8205 9792 65039
128104 127997 8205 9992
128587 127995 8205 9792
128105 127997 8205 10084 65039 8205 128139 8205 128104 127999
129365
129489 127998 8205 129457
128135 127995 8205 9792 65039
129337 127996
128105 127998 8205 10084 65039 8205 128139 8205 128104 127995
128164
128573
128104 127999 8205 10084 65039 8205 128139 8205 128104 127997
128717 65039
128553
127966
129464 127998 8205 9794
129515
129337 127999 8205 9792
129782 127997
129485 127996 8205 9794 65039
129489 127999 8205 9878 65039
129495 127997
129315
128359
129467
129706
127462 127485
128588
128104 127999 8205 127891
127869 65039
129495 127998
128675 127996 8205 9792
128691
128309
128112 127999 8205 9792 65039
129292 127998
127465 127476
128371
128066 127999
9730
127992
128253
128279
129337 127996 8205 9792 65039
128693 8205 9794 65039
128129 127998
127967 65039
9881 65039
128129 8205 9794
128079 127997
128104 127995 8205 10084 65039 8205 128139 8205 128104 127996
127475 127476
128105 127997 8205 127912
128581 127998 8205 9792 65039
127480 127465
128104 127998 8205 10084 65039 8205 128139 8205 128104 127996
128105 127996 8205 10084 65039 8205 128139 8205 128105 127999
129501 127998
128373 127997 8205 9792
128105 127998 8205 9877 65039
129680
127794
129341 127997 8205 9792 65039
128733
128105 127996 8205 9878
129489 127998 8205 10084 65039 8205 128139 8205 129489 127995
128194
129304 127996
128105 8205 129459
129489 127995 8205 128295
129500 127997 8205 9792
129498 127999 8205 9794 65039
128104 127998 8205 129309 8205 128104 127999
128589 127999 8205 9792 65039
127958 65039
129400
128038
129777 127999 8205 129778 127998
128377 65039
9762 65039
129348
129501 127999 8205 9794
128134 8205 9794
127938 127995
129340 8205 9792 65039
128104 127996 8205 9878
129718
9877
128378
129307 127995
128341
127464 127474
127881
128104 127995 8205 10084 65039 8205 128104 127997
9664
129731 127997
127957 65039
128645
128582 127997 8205 9794
128421 65039
128105 127997 8205 127908
127989
127473 127482
128488 65039
128104 127997 8205 9877 65039
128132
129308 127996
129466
128104 127996 8205 129309 8205 128104 127995
128206
127543
128104 127999 8205 129309 8205 128104 127997
127947 65039 8205 9794 65039
128083
129342 127999
128104 127999 8205 10084 8205 128104 127998
129292 127999
129335 127997 8205 9794
128104
128005
128105 127997 8205 10084 8205 128105 127996
129489 127997 8205 10084 8205 128139 8205 129489 127996
128134 127996 8205 9794
128587 127998 8205 9794
129399 127996
129500 127999 8205 9794 65039
127819
9977 127999 8205 9794 65039
128104 127996 8205 10084 65039 8205 128139 8205 128104 127996
128143
128105 127996 8205 10084 8205 128105 127999
129485 127998 8205 9794
127871
129332
128105 127996 8205 128658
128499 65039
129487 127996 8205 9792
129316
53 8419
127481 127474
129336 8205 9792
127940 127997 8205 9792 65039
128143 127995
127946 127999
128112 127995
128105 8205 128103
129489 127995 8205 127876
128583
127948 127999 8205 9794 65039
128129 127995 8205 9794 65039
129441
128248
128105 127996 8205 10084 8205 128104 127998
128104 8205 128104 8205 128102 8205 128102
128102
127948 127999
128104 127997 8205 128187
127987 65039 8205 9895 65039
127783
129497 127995 8205 9794
128302
129487 127996 8205 9794
127960
128483 65039
129333 127997
129418
129489 127999 8205 127868
129341 127997
128104 127998 8205 128187
128105 127995 8205 10084 65039 8205 128105 127998
129489 127998 8205 129469
127939 127997 8205 9794 65039
127777 65039
128135 127996 8205 9792
127902 65039
128104 127995 8205 10084 8205 128139 8205 128104 127996
128582 127997 8205 9794 65039
128104 127995
129500 127999 8205 9792 65039
127481 127483
127468 127481
128105 127998 8205 10084 8205 128139 8205 128104 127996
128376 65039
129730
9830
127806
128105 127998 8205 10084 65039 8205 128105 127999
127464 127470
129489 8205 9878
127472 127484
128072 127998
128523
128518
10013 65039
129306 127998
127927
128716 127996
127462 127484
128105 127998 8205 10084 65039 8205 128139 8205 128105 127998
128119 127999
9977 127997 8205 9794 65039
128119 127999 8205 9792
129497 8205 9794
127963
128104 127995 8205 128295
128583 127996 8205 9792 65039
128582 127995 8205 9792 65039
128204
129335 127999 8205 9792
129459
128115 127999 8205 9792
128675 8205 9794
129489 127999
9775
128703
129777 127996 8205 129778 127997
129341
128694 127999 8205 9792 65039
128258
129309 127995
129464 127999 8205 9792 65039
128104 8205 129458
128587 127995 8205 9794
128693 127998 8205 9794 65039
128104 127998 8205 10084 8205 128139 8205 128104 127997
129519
129463
128101
129496 8205 9794 65039
128535
128105 127995 8205 10084 8205 128104 127999
128104 127995 8205 9877
128338
127475 127470
129489 8205 127912
128163
129489 127998 8205 9877 65039
128105 127995 8205 10084 8205 128139 8205 128105 127996
9766 65039
127481 127476
127472 127477
128105 127996 8205 127908
9724 65039
129729
128270
9196
127894
128113 127996
9977 127997
9977 127998 8205 9794
128104 127999 8205 129456
128104 127995 8205 129309 8205 128104 127997
128119 127995 8205 9792 65039
129501 127999 8205 9792
127473 127480
129333 127995 8205 9792
127787 65039
9757 127998
127947 127996 8205 9794
128036
128105 127995 8205 10084 8205 128104 127997
128113 127997 8205 9794 65039
128112 127997 8205 9794 65039
8599
128590 127999 8205 9794 65039
128108 127995
10006
129489 127997 8205 127981
129489 127998 8205 128658
128572
129776 127995
128694 127997 8205 9794
128120 127997
128081
129500 127999 8205 9792
128589 127997 8205 9794 65039
129500 127998
128373 127997 8205 9792 65039
128376
129437
129489 127997 8205 127859
128583 127995 8205 9794
128134 8205 9794 65039
129337 8205 9794
128105 127995 8205 129468
129733
10052 65039
128108
127941
129500 127996 8205 9792
128314
128112 127998 8205 9794
128113 127995 8205 9792
129489 127998 8205 10084 8205 128139 8205 129489 127997
128104 127999 8205 129458
128104 8205 127891
129489 127996 8205 10084 8205 129489 127999
129359
128105 127997 8205 128300
129333 127996 8205 9792 65039
127845
128152
128113 127995 8205 9794 65039
128688
129336 127996 8205 9792
128119
127463 127471
128104 127997 8205 129459
129462 127999
128104 8205 128103 8205 128103
128119 127997 8205 9792 65039
129499 127997 8205 9792
128161
128675 127997 8205 9792 65039
128124 127996
128104 127997 8205 10084 8205 128104 127997
129310 127995
128129 127999 8205 9794
127466 127480
128129 127995 8205 9794
128662
127475 127468
127462 127468
128581 127997 8205 9794 65039
128150
129303
128041
129715
129492 127995 8205 9792 65039
128567
128065
127946 8205 9792
129489 8205 129458
127474 127469
129462 127996
128104 127997 8205 10084 65039 8205 128139 8205 128104 127997
129503 8205 9794 65039
128521
129501 127996 8205 9794
128105 127996
127940 127995
128113 127997 8205 9792
128334
128551
127939 127995 8205 9792 65039
129528
129464 127996
129492 8205 9794 65039
9167 65039
128716 127998
128694
8252
128105 127996 8205 129309 8205 128105 127997
127940 127998 8205 9792 65039
128588 127996
9975 65039
128565 8205 128171
127948 127998 8205 9794 65039
129496 127996
129341 127996 8205 9792
127473 127463
127875
128129 127996 8205 9792
127777
129497 8205 9792 65039
128247
129318 127995 8205 9792
128104 127999 8205 127859
128373 8205 9794 65039
127472 127487
129462 127995
128104 8205 128187
129387
128105 127996 8205 10084 8205 128104 127996
128121
129779 127997
128119 127999 8205 9794 65039
128583 127997
129489 127997 8205 127979
128134 127999 8205 9792
9410
128105 127996 8205 128640
129342 127996 8205 9794
128674
127761
128268
129780 127999
128566 8205 127787 65039
127477 127467
128692 8205 9792
128134 127999 8205 9794 65039
127477 127466
129486 127995 8205 9792
128105 127999 8205 10084 8205 128105 127995
129489 127999 8205 10084 65039 8205 128139 8205 129489 127998
128104 127997 8205 10084 8205 128104 127996
129464 127996 8205 9794 65039
129299
129318 8205 9792 65039
128583 8205 9792 65039
128020
127935
127939 127998
128170 127996
129489 127995 8205 129309 8205 129489 127998
128077 127998
127948 127996 8205 9792 65039
128590 127995 8205 9792 65039
129489 127997 8205 127868
128035
129318 127995 8205 9794
129494 127995 8205 9794
128105 8205 9878 65039
129346
128581 127999 8205 9794 65039
129492 127998 8205 9792
127484 127467
128105 127999 8205 10084 65039 8205 128105 127996
128146
128105 127996 8205 10084 8205 128139 8205 128105 127999
128104 8205 127908
127540
128099
128110 127996
129489 127999 8205 10084 65039 8205 129489 127996
129353
9785 65039
128105 127999 8205 10084 8205 128139 8205 128104 127998
10068
128583 127998 8205 9792
129489 127997 8205 127876
127946 127997 8205 9792 65039
129777 127999 8205 129778 127997
127964
129491
127474 127464
129489 127998 8205 128187
128105 127997 8205 9878 65039
128251
9770 65039
128105 8205 127859
129336 127999 8205 9794
127971
9934
127384
127747
128119 8205 9794
127480 127476
127940 127995 8205 9794
127860
128105 127996 8205 10084 8205 128139 8205 128104 127998
129461 127996
128552
128110 127999 8205 9794 65039
128107 127995
128135 127998 8205 9792
128420
128135 127996 8205 9794
9757 127995
129292 127997
127383
128105 127995 8205 10084 65039 8205 128139 8205 128105 127998
127943 127996
9972 65039
127539
128581 127999 8205 9792
127474 127467
128581 127998 8205 9792
128104 127999 8205 128295
128115 127996 8205 9792 65039
129777 127999 8205 129778 127996
128130 8205 9794 65039
128217
127381
128692 127995 8205 9792 65039
129494 8205 9792
129417
129295 127999
128129 127995 8205 9792 65039
128145 127995
129314
128130 8205 9794
128499
128396 65039
127474 127483
127490 65039
127987
127480 127485
128077 127999
128433 65039
128105 127997 8205 10084 65039 8205 128105 127999
11013
129489 127998 8205 10084 65039 8205 128139 8205 129489 127997
128104 8205 128105 8205 128102 8205 128102
129502
128104 127997 8205 9878 65039
128104 127996 8205 129457
129494 127999 8205 9792
127939 8205 9792 65039
128104 8205 128105 8205 128103
129487 127999
128675 127998 8205 9792 65039
129333 8205 9794 65039
9977 8205 9794
128589 127998 8205 9794 65039
128104 127999 8205 9992
129776 127996
127989 65039
128105 127996 8205 10084 65039 8205 128139 8205 128104 127999
128104 127996 8205 10084 65039 8205 128104 127998
128450
128105 127998 8205 129309 8205 128104 127996
128105 127999 8205 10084 65039 8205 128139 8205 128105 127996
128587 127997 8205 9792
128682
129501 127997 8205 9792 65039
129301
128481
129465 127999 8205 9792 65039
128118 127998
129499 127999 8205 9794
129378
128104 127998 8205 127979
128135 127996
128693 127995 8205 9794 65039
128656
128104 127997 8205 129309 8205 128104 127996
128587 127997 8205 9794 65039
128060
127983
129690
128719
128105 8205 128105 8205 128102
128582 8205 9794
129496 127997
128108 127998
129486 127995 8205 9794 65039
129489 127998 8205 9992 65039
129332 127999
129318 127999 8205 9792 65039
127468 127470
128119 127995
129489 127997 8205 9878
128105 127999 8205 10084 65039 8205 128105 127998
129341 127999 8205 9794
128675 127999 8205 9792 65039
127854
127866
128130 127995 8205 9792 65039
129342 8205 9792
129485 8205 9794
128105 127999 8205 129468
9928
129720
127486 127481
127939 127996 8205 9794
128663
127462 127479
129516
129490 127997
128105 127999 8205 10084 65039 8205 128139 8205 128105 127995
129524
129335 127999 8205 9794 65039
127915
129496 127998 8205 9792
127472 127470
129335 127997 8205 9792 65039
128747
129489 127997 8205 9877
128104 127998 8205 129309 8205 128104 127995
129489 127995 8205 129456
127987 65039 8205 127752
129494 127995 8205 9792 65039
127473 127464
10083 65039
128117 127996
127468 127469
128115 127997 8205 9794 65039
128465
128105 8205 128640
128517
9977 127995 8205 9792
127991
129489 8205 129455
128196
128105 127999 8205 129309 8205 128105 127996
128104 127995 8205 129456
129489 127998 8205 129309 8205 129489 127998
9986
127482 127487
127946 127996 8205 9792 65039
9827 65039
129494 127995 8205 9794 65039
127471 127466
128076 127995
127984
129506
129494 127998 8205 9794 65039
129344
129008
127821
129487 127997 8205 9794
127946
129306 127999
127940 127999 8205 9794 65039
127948 65039 8205 9794 65039
128104 8205 127979
128104 127999 8205 128188
129465 127999 8205 9794 65039
129492 127997 8205 9794
127965 65039
129312
129336 127997 8205 9792
127463 127475
129489 8205 128640
9996 127998
9977 65039 8205 9792
128105 127998 8205 127868
128105 127997
129336 127996 8205 9794 65039
128104 127997 8205 10084 8205 128139 8205 128104 127998
128104 127996 8205 10084 8205 128139 8205 128104 127995
127948 127999 8205 9794
128105 127996 8205 10084 8205 128139 8205 128105 127998
129497 127995 8205 9792
128261
128372 127995
9879 65039
127948 127998 8205 9792 65039
129489 127999 8205 10084 65039 8205 128139 8205 129489 127997
8482
129489 127995 8205 129455
129530
9977 127999 8205 9794
128692 127996
127898 65039
129489 127998 8205 10084 8205 129489 127996
127877 127998
128358
128105 127997 8205 129309 8205 128104 127998
129499
9993
128104 127997 8205 127891
128590 127996
129498
128130 127999
128111 8205 9794
128307
128104 127999 8205 10084 65039 8205 128104 127996
129495 127995 8205 9792
128105 127998 8205 10084 8205 128105 127995
128581 127996 8205 9792 65039
127946 127998
174
129464 127998 8205 9792
127944
9876
42 65039 8419
129495 8205 9794
128581 127997 8205 9794
129492 127996 8205 9792 65039
129403
11015
128113 127996 8205 9794 65039
128226
129331 127999
128078 127995
129489 127995 8205 129457
9995 127997
128119 127998 8205 9792 65039
129695
128587 127997 8205 9792 65039
127760
128135 8205 9794 65039
128999
128104 127996 8205 128295
128310
9995
129511
128555
128105 127996 8205 10084 8205 128139 8205 128104 127999
9997 65039
129762
127947 65039 8205 9792
129342 127997
9977 127996 8205 9794
129486 127998 8205 9794
128757
128017
127972
128104 127997 8205 10084 65039 8205 128104 127998
127464 127469
129498 127995 8205 9792 65039
127948 127997 8205 9792
129494 127999
127849
57 8419
128581 8205 9792 65039
129345
128105 127995 8205 10084 65039 8205 128139 8205 128105 127995
129744
128104 8205 128105 8205 128102
10084 65039 8205 129657
128105 127998 8205 128640
12349
128105 127996 8205 128187
129318 127997 8205 9794 65039
128066
129489 127995 8205 128188
128342
128105 127995 8205 10084 65039 8205 128105 127996
128105 127995 8205 10084 8205 128105 127996
128533
128154
128119 127998 8205 9794 65039
128373 127997
128232
129341 127996 8205 9794 65039
129694
128019
129691
9977 127997 8205 9792
127473 127462
127886
129405
128104 8205 9992 65039
128104 127997 8205 10084 65039 8205 128139 8205 128104 127995
128104 127997 8205 128300
129329 127997
129496
127850
129499 127998 8205 9794 65039
127463 127465
128110 127998 8205 9792 65039
128589 127997
127988 8205 9760 65039
127977
128692 127997
127475 127467
128581 127997 8205 9792 65039
128107 127998
128130 127999 8205 9792 65039
129487 127995 8205 9794 65039
127481 127468
129483
128104 127997 8205 129309 8205 128104 127995
128654
127836
129398
128105 127995 8205 129309 8205 128104 127999
129486 127996 8205 9792
129465 127995 8205 9792
127882
9763 65039
9794
127481 127484
129500 127997 8205 9794 65039
129692
129333 127999 8205 9794 65039
9757
127462 127487
127464 127465
128118 127996
128028
129476
128105 127999 8205 10084 65039 8205 128139 8205 128104 127998
128394
128104 127995 8205 10084 65039 8205 128139 8205 128104 127999
129501 127997 8205 9794
128397 65039
129491 127995
128105 127999 8205 10084 65039 8205 128105 127999
127939
129777 127997
8601
128581 127999 8205 9794
127890
128692
128105 127999 8205 129309 8205 128104 127997
129732 127997
128587 127996
9784 65039
129731 127996
128395
129489 127995 8205 10084 8205 129489 127998
128105 127997 8205 127806
9977 127998 8205 9794 65039
127939 127996 8205 9792
128692 127996 8205 9794 65039
129489 127995 8205 129309 8205 129489 127999
9992 65039
128679
129684
127894 65039
129703
128113 127999 8205 9792
128312
129484
129500 127996 8205 9794
128118 127997
129501 127999
128692 127997 8205 9794
127797
129522
129336 127997 8205 9794 65039
9728
129337 127995 8205 9792 65039
128105 127997 8205 129309 8205 128104 127995
127908
128105 127999 8205 129309 8205 128104 127998
129719
128105 127995 8205 10084 8205 128105 127995
128104 127995 8205 128300
128105 127999 8205 10084 8205 128104 127998
127462 127478
128029
128008
127939 127998 8205 9792 65039
128285
129444
128112 127999 8205 9792
128104 127998 8205 10084 8205 128139 8205 128104 127999
128115 127995 8205 9794 65039
127829
128102 127998
129489 127998 8205 127859
128352
129432
128293
129496 8205 9794
127463 127479
128105 127998 8205 10084 65039 8205 128104 127996
128129 127998 8205 9792 65039
128693 127998
128694 127999 8205 9794 65039
128170 127999
127859
129485 127996 8205 9794
128135 127995 8205 9792
127472 127474
128105 127995 8205 129455
129497 127999
127939 127999 8205 9792 65039
129531
129464 127996 8205 9794
128112 127999 8205 9794
128105 127996 8205 10084 65039 8205 128139 8205 128104 127998
129340 8205 9794 65039
127939 127999 8205 9794 65039
129487 127997 8205 9792 65039
129331
129307 127997
127481 127479
128105 127998 8205 129457
128590 127996 8205 9792
128119 127995 8205 9794 65039
128582 127996 8205 9794 65039
129465 8205 9792
127925
128675 127998 8205 9792
128105 127996 8205 127979
128546
128373 8205 9792 65039
127482 127468
127477 127468
128349
128207
127474 127486
129333 127996 8205 9794 65039
129500 127995 8205 9794
129337 127995 8205 9794
128372 127997
129491 127998
128104 127996 8205 10084 8205 128104 127995
129465 127995 8205 9794
127474 127473
128373 127998 8205 9794 65039
127756
128105 8205 129469
129333 8205 9792 65039
129702
128675 8205 9792
129335 127998 8205 9792
127762
128692 127997 8205 9792
128373 127996 8205 9792 65039
9977 127995 8205 9794
128104 127995 8205 128188
128102 127995
129399
128006
127800
129499 127995 8205 9794 65039
129393
128105 127997 8205 10084 65039 8205 128104 127998
128675 127996 8205 9794 65039
9977 127995 8205 9792 65039
127956
129501 127996 8205 9792
129465 8205 9792 65039
128134 127996 8205 9794 65039
128170
10548 65039
127823
127483 127466
128590
128105 127998 8205 10084 8205 128139 8205 128105 127999
128267
129489 127998 8205 10084 65039 8205 128139 8205 129489 127999
129486 127995
127906
9969
129500 127997
129667
129366
128675 127998
128119 127997 8205 9792
127480 127483
129777 127998 8205 129778 127997
129489 127995 8205 10084 65039 8205 128139 8205 129489 127999
128105 127997 8205 10084 8205 128139 8205 128104 127997
128587 127999 8205 9794
129351
127469 127479
129496 127997 8205 9794 65039
127940
9762
127840
127790
129337 127997 8205 9792 65039
128588 127997
129342 127995 8205 9794
127481 127473
128104 127995 8205 10084 65039 8205 128139 8205 128104 127997
128589 127996
129485 127999 8205 9792
129489 127995 8205 129459
127470 127481
129489 127995 8205 9992 65039
127943 127999
128130 127999 8205 9794 65039
128693 127999 8205 9794 65039
128245
128405
127470 127474
128130 127998 8205 9792
128079 127999
9878 65039
129499 127997 8205 9794
129335 127997
127940 127996 8205 9792
129391
129489 127999 8205 10084 8205 129489 127996
127831
129496 127999 8205 9794 65039
129333 8205 9794
129500 127998 8205 9792 65039
128186
127967
127474 127485
128105 8205 10084 65039 8205 128139 8205 128105
128105 127999 8205 10084 8205 128104 127997
127939 127999 8205 9792
128108 127999
129465 127999
127788
129342 127995 8205 9792 65039
127781 65039
128124 127998
128066 127998
127947 127998 8205 9792 65039
129489 127997 8205 129455
128590 127997 8205 9792 65039
128115 8205 9794
127481 127481
129489 127999 8205 10084 65039 8205 128139 8205 129489 127995
128103 127999
128105 127995 8205 10084 65039 8205 128139 8205 128105 127999
129337
129448
128105 127997 8205 10084 8205 128105 127997
128716 127999
129402
128010
129717
129489 127997 8205 127806
129342 127995
127793
128131 127995
128993
129500 127996
129490
129489 127999 8205 127979
9829
129342 127998 8205 9794
127902
128105 127998 8205 128658
128117 127998
127851
128105 8205 128102
128123
127947 127998 8205 9794 65039
129464 127996 8205 9792
128434 65039
127889
128112 127996 8205 9792 65039
127947 8205 9794
127480 127472
128692 127999 8205 9794
128074
127477 127481
129486
129492 127997
127947 127996 8205 9792 65039
9732
129496 127997 8205 9794
128071 127999
128135 127996 8205 9792 65039
49 65039 8419
128119 127999 8205 9794
129487 127996 8205 9792 65039
127946 127998 8205 9792 65039
128104 127999 8205 129457
128105 127998 8205 10084 65039 8205 128104 127997
127897 65039
127805
129497 127996 8205 9792 65039
128112 8205 9794
128104 127999 8205 129309 8205 128104 127996
128582 8205 9792
9643
9937 65039
129486 8205 9794 65039
129318 127996 8205 9792 65039
9993 65039
128104 127999 8205 129459
128107 127997
9723 65039
128105 127999 8205 10084 8205 128105 127997
129501 127996
9961
128109 127995
129490 127996
127938 127997
9977 8205 9794 65039
128368 65039
9760
129752
129489 127999 8205 9992
128692 8205 9792 65039
128129 8205 9792
128104 127997 8205 10084 65039 8205 128139 8205 128104 127999
128736
128129 8205 9792 65039
127947 127997 8205 9794
129495
128105 127999 8205 10084 65039 8205 128139 8205 128104 127999
129534
128372 127998
128541
128104 127995 8205 10084 8205 128139 8205 128104 127999
9810
128720
129335 127996 8205 9792
129485 127996 8205 9792 65039
129331 127998
128671
129495 127999 8205 9792 65039
128067 127999
127469 127482
129464 127995
127466 127482
127947 127996 8205 9794 65039
129499 127996
129498 8205 9792
129489 127996 8205 9877
128373 127999 8205 9794 65039
129489 8205 127876
128105 127997 8205 129455
128130
128105 127995 8205 10084 65039 8205 128105 127995
128104 127995 8205 128658
129337 127998 8205 9792 65039
128120 127998
128105 127997 8205 128295
127948 65039 8205 9792 65039
127960 65039
127938 127999
129489 127999 8205 10084 65039 8205 129489 127995
128135 127999 8205 9794 65039
129333 8205 9792
128589 127995
128105 127996 8205 10084 8205 128104 127995
127466 127479
128076 127998
128378 127997
129500 127999 8205 9794
128105 127996 8205 10084 65039 8205 128105 127996
9792
128589 127998 8205 9792
128675 127995 8205 9792 65039
129318 127995 8205 9794 65039
128162
128133 127997
129493 127997
128109
128104 127996 8205 10084 65039 8205 128139 8205 128104 127998
127947 65039 8205 9792 65039
128693
128105 127997 8205 127859
129465 127999 8205 9792
127946 127999 8205 9794 65039
128104 127999 8205 10084 65039 8205 128139 8205 128104 127999
128105 127996 8205 9878 65039
129465 127997 8205 9794
35 65039 8419
128694 127998
129499 127997
128134 127997 8205 9792 65039
9972
128105 127998 8205 10084 8205 128139 8205 128104 127998
128105 127995 8205 10084 65039 8205 128105 127997
127835
128582 127997
128104 127995 8205 127891
128347
128115 127996 8205 9794
127470 127465
128145 127999
128088
10083
129489 127996 8205 129468
128271
8618 65039
129496 127999 8205 9792 65039
129424
8482 65039
127877 127996
128105 127997 8205 129309 8205 128105 127996
9654 65039
128105 127999 8205 10084 65039 8205 128104 127996
128506
129485 127997
129305 127997
128104 127998 8205 10084 65039 8205 128139 8205 128104 127997
127480 127487
128355
129501 127998 8205 9792
127468 127474
128105 127997 8205 129456
129485 127995 8205 9792 65039
127938 127996
127480 127475
128582 127996
9992
129487 127996 8205 9794 65039
129341 127995 8205 9792
127475 127473
128072 127997
129779 127996
128228
127947 127999 8205 9794
128000
129333 127997 8205 9792
129489 127996 8205 128187
128104 127996 8205 10084 8205 128139 8205 128104 127997
128134 127997 8205 9794
128105 127996 8205 10084 65039 8205 128139 8205 128104 127997
128582 8205 9794 65039
129002
129683
129489 127997 8205 129459
129494 127998
129306 127997
129728
129336 127999 8205 9794 65039
128187
9757 127996
128105 8205 9878
129335 127995 8205 9794 65039
129498 127996 8205 9794
128066 127996
128104 127999 8205 10084 65039 8205 128139 8205 128104 127995
128395 65039
129496 127999 8205 9794
129489 127998 8205 129455
128105 8205 128188
127785 65039
128694 127996 8205 9794
128130 127997 8205 9792
128110 127997 8205 9794 65039
128071
129495 127995
129489 127999 8205 127981
128112 127995 8205 9792
129489 127999 8205 128658
128105 127999 8205 128640
128113 127999 8205 9794 65039
128105 127999 8205 129459
128105 127996 8205 129309 8205 128105 127998
127483 127468
127987 8205 127752
128112 127998
128143 127996
128131 127997
127987 8205 9895 65039
128105 127997 8205 10084 8205 128139 8205 128105 127997
128589 127995 8205 9794
129341 127998 8205 9792 65039
128105 127995 8205 129309 8205 128105 127996
129503
128105 8205 128103 8205 128102
128564
128119 8205 9792
127895
129489 127998 8205 127912
129392
128066 127995
128995
129498 127999 8205 9792 65039
128692 127998 8205 9794 65039
127948 127998
129498 127996 8205 9792
129489 8205 128188
127940 127999 8205 9792
129665
128534
127868
129333
129489 127995 8205 9992
8601 65039
127817
128692 127996 8205 9794
127884
128078 127997
129489 127999 8205 129458
129318 127997 8205 9792 65039
128583 8205 9794 65039
128538
129465 127997
128641
128581 127996 8205 9794
129489 8205 9992 65039
128104 127996 8205 127979
128525
128373
129428
129429
128339
128105 8205 127806
127771
129777 127995 8205 129778 127999
129489 127998 8205 10084 8205 128139 8205 129489 127996
129319
127466 127462
129499 8205 9794
128105 127997 8205 10084 8205 128139 8205 128105 127995
129489 127999 8205 10084 65039 8205 128139 8205 129489 127996
128104 8205 10084 65039 8205 128104
9877 65039
9803
127826
128110 8205 9792 65039
127477 127484
127775
128105 127997 8205 10084 8205 128139 8205 128104 127999
128693 8205 9794
129496 127995 8205 9794
128104 127996 8205 127868
128105 127998 8205 10084 65039 8205 128104 127995
129499 127996 8205 9792
9786 65039
129498 127998 8205 9792 65039
129485 127996
129485 127997 8205 9792 65039
128033
128104 127999 8205 10084 65039 8205 128139 8205 128104 127996
128105 127997 8205 128640
128373 127995
128693 127999 8205 9792
127956 65039
127966 65039
128105 127995 8205 10084 65039 8205 128104 127999
128734
9962
129341 127995 8205 9792 65039
129489 127995 8205 9877
129489 127996 8205 10084 65039 8205 129489 127995
128003
127799
129467 127998
128104 8205 129469
129489 127996 8205 10084 8205 129489 127997
8617 65039
127487 127462
129490 127995
127962
129499 127996 8205 9794
127946 127997
128105 127996 8205 128295
128105 127999 8205 10084 8205 128139 8205 128104 127997
128590 127997 8205 9792
128591
128105 127997 8205 10084 8205 128105 127995
129778 127998
127468 127466
128039
128070
129331 127996
129334 127997
127788 65039
128126
129480
128693 127998 8205 9794
129487 8205 9792
128105 127996 8205 129457
129780
129486 127999 8205 9792 65039
129318 127996
128295
127463 127487
128531
127940 127997 8205 9794 65039
129318 127999 8205 9794
129494 127998 8205 9794
127545
129489 127996 8205 10084 65039 8205 129489 127997
128105 127995 8205 129469
128203
128406 127996
127982
129745
10084
128466 65039
128095
129336 127997 8205 9792 65039
127914
9194
129500 127998 8205 9792
128114
128333
9731
127961 65039
128134 127998 8205 9794
127479 127480
128105 127996 8205 10084 8205 128105 127995
129479
128130 127996 8205 9794 65039
128172
129492 127998 8205 9792 65039
129486 127995 8205 9794
129337 127997
128752
56 65039 8419
127924
128583 127997 8205 9794 65039
129722
127947 127999 8205 9792 65039
9829 65039
128667
127959 65039
128105 8205 10084 65039 8205 128105
128547
129492 127998 8205 9794
127546
129496 127998 8205 9792 65039
128105 127997 8205 10084 8205 128104 127997
128105 127997 8205 10084 65039 8205 128139 8205 128104 127998
128104 127998 8205 10084 8205 128104 127997
128104 8205 128640
129489 127999 8205 9878
129489 127996 8205 129309 8205 129489 127997
127940 127996
129489 127999 8205 10084 8205 128139 8205 129489 127998
127877 127997
128105 127996 8205 10084 8205 128139 8205 128104 127997
128113 127998 8205 9794 65039
128105 127998 8205 10084 65039 8205 128139 8205 128105 127996
128740 65039
128252
128105 127997 8205 9877 65039
129489 127997 8205 10084 65039 8205 129489 127996
129489 127998 8205 127868
128105 127996 8205 127806
128113 127998 8205 9792 65039
128075
128284
127939 127995 8205 9792
128105 127997 8205 10084 8205 128139 8205 128104 127998
129489 8205 9878 65039
128105 127998 8205 10084 8205 128139 8205 128104 127995
128104 127996 8205 128658
128104 127998 8205 128188
128104 127999 8205 128658
128134 127996 8205 9792 65039
127959
127963 65039
128114 127998
128115 8205 9792
129452
128394 65039
128582 127999
129498 8205 9794 65039
128105 127997 8205 127981
129660
128084
127464 127476
129489 127997 8205 129309 8205 129489 127998
128104 8205 128104 8205 128102
128590 8205 9792 65039
128590 127999 8205 9792
129496 127996 8205 9792
128696
128105 127996 8205 129309 8205 128104 127998
128105 127996 8205 129469
129304
129779
9977 65039 8205 9794
128583 127996
127464 127482
9201 65039
9997 127996
129333 127999 8205 9794
128104 127997 8205 127908
128996
127472 127468
128396
129489 127998 8205 10084 8205 129489 127995
128992
128115 127995 8205 9792 65039
127466 127469
127464 127483
9928 65039
128114 127996
128145 127998
128104 127997 8205 129456
129499 127999
128110 127997 8205 9792 65039
128105 127998 8205 129309 8205 128105 127995
128104 127998 8205 129456
9879
127470 127480
128105 127999 8205 10084 65039 8205 128104 127999
129489 127995 8205 10084 8205 128139 8205 129489 127997
128694 127998 8205 9794
128048
128337
128105 8205 128187
128115 127999 8205 9794 65039
129523
127802
128104 127998 8205 9877
129318 127999
128353
127782
128104 127997 8205 10084 8205 128139 8205 128104 127997
129501 127997
127463 127483
127465 127474
128214
9898
128583 127998
129341 127998
11036
127988 8205 9760
129487
128693 127996
129651
128280
128104 8205 129455
128104 127996 8205 129456
9989
129503 8205 9792 65039
129495 127996 8205 9794
128400 127999
127481 127472
128755 65039
129489 8205 9992
127947 127996 8205 9792
128105 127996 8205 10084 8205 128105 127997
128037
129335 127998
128313
10135
127780
128135 127995
128077
128105 127998 8205 10084 65039 8205 128105 127996
128076 127996
128104 127999 8205 10084 65039 8205 128104 127997
128104 127997 8205 129457
129395
129442
128105 127995 8205 127806
128693 127995 8205 9792
128105 127999 8205 10084 8205 128139 8205 128105 127999
128045
129489 127996 8205 129455
129500 127995 8205 9792
128183
127473 127472
127475 127462
9201
128119 127997 8205 9794 65039
128108 127996
128105 127996 8205 10084 8205 128139 8205 128104 127996
129500 127997 8205 9792 65039
9749
128692 127999 8205 9792 65039
128105 127999 8205 10084 65039 8205 128139 8205 128105 127999
128640
128582 8205 9792 65039
128452
9973
9977 127998 8205 9792 65039
128112 127998 8205 9792
128104 127997 8205 129309 8205 128104 127999
128105 127997 8205 10084 65039 8205 128139 8205 128105 127997
128718 65039
128182
128130 127998 8205 9794 65039
129333 127997 8205 9794 65039
129733 127996
127480 127470
129292 127995
128110 127999 8205 9794
128589 127998 8205 9794
129465 8205 9794
128377
9785
129321
10062
129497 127998 8205 9792 65039
128693 127997 8205 9792 65039
129493 127999
128694 127995 8205 9794 65039
127965
128104 127997 8205 10084 8205 128139 8205 128104 127996
127474 127478
129782 127996
129461
129327
128104 127995 8205 127912
127480 127486
128104 127996 8205 9992
128130 127996 8205 9794
127939 127998 8205 9794 65039
9208 65039
128104 127995 8205 127981
128110 127995
127943 127998
128104 8205 10084 8205 128139 8205 128104
128134 127995 8205 9792 65039
129731 127998
128115 127997
128211
128104 8205 128105 8205 128103 8205 128102
129489 127996 8205 127979
127464 127486
128104 127995 8205 127908
128115 127996 8205 9794 65039
129492 127996 8205 9794 65039
128119 127996
129489 127999 8205 129309 8205 129489 127997
9904
128199
129489 127998
129489 127998 8205 9992
129328 127996
129496 127995 8205 9794 65039
129336 127997 8205 9794
9766
128701
127475 127477
128739
128073 127998
129486 127999 8205 9794 65039
129329 127995
129453
127463 127470
127940 127996 8205 9794 65039
127921
128694 127996 8205 9794 65039
9000 65039
129716
128112 127999
129298
128104 127999 8205 129309 8205 128104 127995
127930
9752
129489 127999 8205 129309 8205 129489 127996
9935 65039
129499 127998 8205 9792
127485 127472
8600
129465 127995 8205 9792 65039
128109 127999
128105 127999 8205 10084 8205 128104 127995
128105 127997 8205 10084 65039 8205 128105 127995
129489 127998 8205 127981
129489 127995 8205 9877 65039
50 65039 8419
128405 127998
128105 127997 8205 129459
129309 127998
127479 127476
128694 127998 8205 9792
128255
128105 127995 8205 10084 8205 128105 127997
129496 127995 8205 9792
128201
129464 127997 8205 9792 65039
128110 127997
129498 127999
10024
9824 65039
127940 8205 9792 65039
127472 127486
128105 127996 8205 10084 65039 8205 128105 127995
128105 127995 8205 128188
127978
9917
9167
128193
128587 127999 8205 9792
127903 65039
128433
129336 127995 8205 9792
129701
128112 127998 8205 9792 65039
128105 127998 8205 129309 8205 128105 127996
129293
128221
128015
127479 127482
128071 127995
128373 127998 8205 9794
128693 127998 8205 9792
128104 127999 8205 128300
127481 127462
128104 127998 8205 10084 8205 128139 8205 128104 127995
129486 127999 8205 9794
128694 8205 9794
128104 8205 128658
129507
128034
128589 8205 9794
128013
128372 65039
128105 127997 8205 129458
129464 127995 8205 9792 65039
128133
128134 8205 9792
129500 127998 8205 9794
129342 127995 8205 9792
129776
129733 127997
129377
128105 127995 8205 128187
128115 127997 8205 9792
127887
127815
127798
9977 127999 8205 9792 65039
128110 127998
129489 8205 129469
129487 127997
9792 65039
9854
129489 127999 8205 129455
128119 127996 8205 9794 65039
128577
127940 127997 8205 9792
129489 127998 8205 129458
128673
128077 127997
127471 127474
127784 65039
129422
127948 127998 8205 9794
127918
127879
8265
128532
129427
129485 127997 8205 9794 65039
128104 127999 8205 129469
129521
129489 127997 8205 127891
127474 127482
129307 127996
129465 127998 8205 9794 65039
10084 65039
129336 127999 8205 9792 65039
128104 127997 8205 9878
129292 127996
129489 127996 8205 127912
127939 127995 8205 9794 65039
128116 127995
128708
128105 127995 8205 127979
128104 127998 8205 129309 8205 128104 127996
128105 127997 8205 10084 8205 128104 127998
129309 127997
127946 127997 8205 9794 65039
129489 127995 8205 10084 65039 8205 129489 127998
128104 127996 8205 10084 8205 128104 127996
129336 127997
128105 127998 8205 127979
127470 127478
129451
128581 127995 8205 9792
9996 127996
129489 127997 8205 10084 65039 8205 128139 8205 129489 127996
9199 65039
129499 8205 9792
9723
129496 127995 8205 9792 65039
128115 127998 8205 9792
128105 127999 8205 10084 8205 128139 8205 128104 127995
127991 65039
127468 127463
127482 127480
127974
128046
128104 127996 8205 9992 65039
128704 127999
128694 127999
128699
9728 65039
128109 127997
129373
129713
127345 65039
127947 127998
128105 127995 8205 10084 8205 128104 127995
128104 127998 8205 9878
127939 127997 8205 9792 65039
127943
127749
128110 127995 8205 9792 65039
129489 127998 8205 128300
128107
128061
127947 127995 8205 9792
128265
128105 127996 8205 10084 8205 128105 127998
129462 127997
129330 127997
128560
128737
9808
128104 127996 8205 10084 65039 8205 128104 127999
128105 127998 8205 10084 65039 8205 128139 8205 128104 127999
128686
129493 127996
127922
129461 127997
128104 8205 128104 8205 128103 8205 128102
128130 127996
127754
127947 65039
127535
128378 127999
128752 65039
129499 127998 8205 9792 65039
129496 127998 8205 9794 65039
127480 127462
128405 127995
128105 127997 8205 10084 65039 8205 128105 127996
128105 127998 8205 129309 8205 128104 127999
129508
9999 65039
9210 65039
127484 127480
129465 127998
127481 127475
127483 127475
127841
9994 127999
128105 127999 8205 129309 8205 128105 127995
127462 127474
128104 127995 8205 10084 65039 8205 128104 127998
128104 127997 8205 127868
128308
128089
129495 127996 8205 9792
129487 127998 8205 9794
127864
127968
128378 127995
128694 127995 8205 9794
128229
129449
128583 127999
128105 127996 8205 129309 8205 128105 127999
128590 127999
128105 127999 8205 129309 8205 128104 127996
128105 8205 127981
128582 127996 8205 9792 65039
127468 127462
129324
127481 127487
128263
129489 127997 8205 128295
127877
129501 127996 8205 9792 65039
128113 8205 9794 65039
127752
127939 127996 8205 9794 65039
9199
128077 127995
128106
129336 127998 8205 9794
129489 127996 8205 10084 8205 128139 8205 129489 127997
128706
128452 65039
128104 127999 8205 129309 8205 128104 127998
128582 127995 8205 9794
128129 127995
127938 127998
129498 8205 9792 65039
128289
128105 127995 8205 127891
9855
128105 127999 8205 128300
129309 127999
129409
128112 127995 8205 9794 65039
128062
129486 127998
128104 127997 8205 127981
128694 127995
129664
128177
129487 127995 8205 9792 65039
129781 127995
129489 127996 8205 128658
128105 127996 8205 10084 8205 128105 127996
127947 127998 8205 9794
127541
128110 8205 9794
129494 127995
127482 127462
129308 127998
128467
129658
129495 127999 8205 9794 65039
128105 127995 8205 127859
128105 127999 8205 10084 8205 128139 8205 128105 127998
127911
128105 127995 8205 127868
129495 127995 8205 9792 65039
128527
127940 127999 8205 9792 65039
127379
129342 127999 8205 9794
129318 127997 8205 9792
127820
129517
128104 127997 8205 10084 65039 8205 128104 127995
129487 127995 8205 9794
127468 127467
10052
128131
51 65039 8419
128661
128104 127998 8205 129455
129330 127996
128105 127998 8205 129309 8205 128105 127997
129306 127996
129489 127998 8205 129309 8205 129489 127996
128105 127999 8205 129457
129292
128115 127997 8205 9794
127940 127995 8205 9792 65039
128105 127999 8205 9877 65039
128129 127999 8205 9794 65039
128113 8205 9794
127842
128104 127995 8205 129468
129489 127999 8205 129468
128105 127997 8205 128187
10055 65039
128104 8205 129456
128105 127997 8205 9992
129465 127997 8205 9794 65039
129415
129732
129780 127996
128235
127948 8205 9794
129697
128716 127997
128105 127996 8205 10084 8205 128139 8205 128105 127996
129497 8205 9794 65039
128350
127948 127999 8205 9792 65039
128072 127995
127481 127471
128145 127997
128105 127996 8205 10084 65039 8205 128139 8205 128105 127997
128008 8205 11035
128105 127997 8205 10084 65039 8205 128139 8205 128105 127999
10133
129489 127998 8205 129468
127951
127938
128105 127995 8205 10084 65039 8205 128104 127996
128659
128135 8205 9792 65039
129489 127995 8205 129309 8205 129489 127995
129342 8205 9794
128758
127463 127478
129467 127997
128105 127999 8205 10084 65039 8205 128139 8205 128104 127997
129375
128104 127997 8205 129469
128243
127467 127472
128692 127998 8205 9792
128131 127998
128587 127998 8205 9794 65039
128104 8205 127981
129342 127995 8205 9794 65039
128104 8205 9877 65039
128113 127998 8205 9792
128129 127999 8205 9792
127948 65039
9924
127807
128105 8205 10084 65039 8205 128139 8205 128104
128589 127996 8205 9792
128694 127996 8205 9792
129461 127995
129305 127999
129708
128400 127996
129333 127998
128367 65039
129489 127997
128278
129495 127999 8205 9792
128105 127996 8205 127868
129335 127995
128116 127999
128105 127996 8205 10084 65039 8205 128104 127997
129489 8205 127981
129668
128067 127997
9895 65039
128301
127475 127464
128065 65039 8205 128488 65039
129309 127996
129492 8205 9794
128761
128131 127999
9997 127998
129295 127995
128406 127995
127470 127466
128262
128264
127463 127480
128400 127998
129426
128105 127995 8205 10084 65039 8205 128139 8205 128104 127997
129780 127995
128249
129492 127997 8205 9792
128113
128104 127996 8205 127912
129495 127996 8205 9792 65039
128105 127996 8205 129459
129489 127996 8205 9878
128105 127995 8205 10084 65039 8205 128139 8205 128105 127997
127475 127479
128693 127999 8205 9794
127467 127470
127463 127466
128104 127999 8205 10084 8205 128104 127995
129501 127995
8505 65039
129489 127996 8205 9878 65039
129446
129489 127995
128127
9807
128112 127995 8205 9794
128112 127997 8205 9792 65039
128189
127867
128405 127997
128115 127996
128693 127995 8205 9794
127947
127480 127479
9209 65039
129496 127998
128055
10071
128693 127998 8205 9792 65039
127946 127996 8205 9794 65039
127926
128104 127999 8205 10084 65039 8205 128104 127998
128373 65039
9997
127465 127471
127948 8205 9794 65039
129494 127997 8205 9794
128129 127996 8205 9794 65039
128239
129489 8205 127979
128065 8205 128488 65039
9804
127470 127473
128104 127998 8205 10084 8205 128139 8205 128104 127996
127987 8205 9895
128049
128587 8205 9792
129489 127999 8205 127859
128129 127997 8205 9794 65039
129489 127996 8205 10084 65039 8205 128139 8205 129489 127997
129489 127995 8205 10084 65039 8205 128139 8205 129489 127998
9977 65039
128225
128520
128105 127998 8205 9878 65039
128156
127359
128210
129333 127995
129748
129341 8205 9792
128105 127996 8205 10084 65039 8205 128139 8205 128105 127998
169
129782
128522
129335 127997 8205 9794 65039
127810
129498 127998 8205 9794
129489 127996 8205 10084 65039 8205 128139 8205 129489 127998
128583 8205 9794
129499 127998 8205 9794
127746
128063
9774 65039
9800
129456
128105 127998 8205 129309 8205 128105 127999
129336 8205 9792 65039
128064
129776 127997
128105 127998 8205 129468
129310 127998
128105 127997 8205 10084 65039 8205 128139 8205 128105 127995
127464 127467
128529
129342 127997 8205 9794 65039
128578
127804
9198 65039
127814
129489 8205 129456
127899
128167
128582 127999 8205 9792 65039
128105 127999 8205 10084 8205 128139 8205 128105 127997
127958
128130 127995 8205 9794 65039
128078 127999
128702
128105 127997 8205 129468
128205
127344
129778
127469 127475
129337 127999 8205 9794
127948
129498 127997 8205 9792
129342 8205 9794 65039
129311 127999
128079
127480 127468
128105 127995 8205 10084 65039 8205 128104 127995
127946 8205 9794
128169
9977 127997 8205 9792 65039
127954
129704
127828
128373 127995 8205 9794
128105 127999 8205 128295
128405 127996
128755
129497 127996 8205 9792
129489 127997 8205 127908
129473
129495 127997 8205 9794 65039
129499 127996 8205 9792 65039
129430
128105 8205 10084 8205 128139 8205 128104
9664 65039
129500 127996 8205 9792 65039
128112 127998 8205 9794 65039
128677
129337 127996 8205 9792
129334 127995
129501 127997 8205 9794 65039
128059 8205 10052 65039
129778 127997
128128
127474 127475
128105 127998 8205 127912
128115 127999 8205 9792 65039
129464 127997 8205 9792
128104 127997 8205 128658
129464 8205 9794 65039
129461 127998
127937
128104 127999 8205 127868
127878
127463 127463
128023
129497 127997 8205 9794
127939 127998 8205 9794
128105 127996 8205 10084 65039 8205 128104 127999
129461 127999
129492 127999 8205 9794
128581
128105 127999 8205 129456
129496 8205 9792
128072 127996
128550
129001
128105 127996 8205 10084 65039 8205 128139 8205 128105 127996
128589 127997 8205 9792 65039
128105 127995 8205 10084 8205 128139 8205 128105 127997
127948 65039 8205 9792
127382
129657
128130 127997 8205 9794 65039
128105 127997 8205 10084 8205 128105 127998
129489 127999 8205 129459
129343
128105 127996 8205 10084 8205 128139 8205 128105 127995
129355
128736 65039
127940 127999
129489 127998 8205 127908
128105 127999 8205 10084 65039 8205 128105 127997
129525
128135 127998 8205 9792 65039
127947 127995
128105 127997 8205 10084 8205 128139 8205 128105 127996
128104 127997 8205 9877
128524
128105 127999 8205 128188
128134 127998 8205 9794 65039
127833
129498 127998 8205 9792
128134 127999 8205 9794
128080 127995
129352
9995 127996
127770
128721
128130 127995
129489 127997 8205 129456
128133 127999
128067 127996
128087
128231
128080
9996 65039
128707
127979
9742
129495 127996 8205 9794 65039
129489 127999 8205 129309 8205 129489 127999
129489 8205 128187
128275
127474 127476
129666
128105 8205 128658
128105 127996 8205 9877 65039
8600 65039
129317
127940 8205 9792
128566
128104 8205 128103
127948 127996 8205 9794 65039
128104 8205 129459
129332 127995
128763
129334
9997 127999
127824
128130 127995 8205 9792
128481 65039
129498 127995 8205 9794
128687
129693
129489 127997 8205 10084 8205 128139 8205 129489 127995
127480 127473
128104 127998 8205 127912
129341 127996 8205 9794
127462 127467
9977 127996 8205 9794 65039
128511
127462 127476
128583 127999 8205 9792 65039
128104 127998 8205 128658
9794 65039
128650
129318 127999 8205 9792
129489 127995 8205 128300
128740
128197
128018
128642
128583 127996 8205 9794
129495 8205 9792
129502 8205 9792
127948 127995 8205 9792 65039
128115 127999 8205 9794
128119 127996 8205 9794
128072
127948 127996
127358 65039
129765
128557
128071 127997
129474
127745
9968
129501 127996 8205 9794 65039
128119 127998 8205 9792
129499 127997 8205 9794 65039
127344 65039
128104 127996 8205 129458
129504
128105 127998 8205 10084 65039 8205 128139 8205 128104 127997
129467 127999
128104 127995 8205 129458
129502 8205 9794
128115 127995
128140
129382
127750
128105 127999 8205 127908
174 65039
127844
129334 127998
9883
127997
127993
129489 127997 8205 129309 8205 129489 127995
128537
127782 65039
127474 127474
128582 127996 8205 9794
128715 65039
128670
128104 127999 8205 128640
129777 127998 8205 129778 127996
127758
128105 8205 129457
127462 127482
129333 127997 8205 9794
129447
129489 127996 8205 129457
128030
128115 127997 8205 9792 65039
128675 127997
127946 127996 8205 9792
128105 127999 8205 10084 8205 128105 127998
128105 127997 8205 10084 65039 8205 128139 8205 128105 127998
129335 8205 9794
128373 127999 8205 9792 65039
128040
128536
128115 127995 8205 9794
129492 127999
127480 127466
128105 127998 8205 10084 8205 128105 127998
129364
127763
128444
127947 127999 8205 9794 65039
128112 127997 8205 9794
129333 127996
128105 127998 8205 10084 8205 128104 127996
127891
129381
128694 127997
129687
128200
129489 8205 127806
128589 127995 8205 9794 65039
129457
128067 127995
128104 127996 8205 10084 8205 128104 127998
129777 127996 8205 129778 127999
127462 127466
128104 127996 8205 10084 65039 8205 128139 8205 128104 127997
129489 127995 8205 10084 65039 8205 128139 8205 129489 127997
128373 127995 8205 9794 65039
11088
128406
128105 127996 8205 10084 65039 8205 128139 8205 128105 127995
129342 127999 8205 9794 65039
128098
127772
128105 127998 8205 10084 65039 8205 128139 8205 128105 127995
128647
127816
128116
129399 127998
129385
127996
127473 127479
128568
129464 127997 8205 9794
128583 127997 8205 9792 65039
9996 127997
129489 127997 8205 10084 8205 129489 127996
129489 127998 8205 9877
128141
127946 127995 8205 9792
128105 8205 128105 8205 128103 8205 128103
129399 127995
129781 127997
129305 127998
129341 127997 8205 9794 65039
128104 127996 8205 10084 8205 128104 127999
129777 127995
128373 127995 8205 9792 65039
128129 127996 8205 9792 65039
127773
11014 65039
128105 127995 8205 127981
127946 8205 9792 65039
9801
129705
129308 127995
49 8419
129485 127997 8205 9794
9729 65039
129698
9994
128539
129499 127999 8205 9792
9748
128519
128105 127995 8205 129309 8205 128104 127998
128056
128104 127998 8205 10084 65039 8205 128104 127996
129304 127997
127948 127995 8205 9794 65039
128104 127998 8205 129469
10002
129489 127996 8205 10084 8205 129489 127995
129489 127999 8205 9992 65039
127468 127478
128105 127997 8205 10084 8205 128139 8205 128104 127995
128692 127996 8205 9792 65039
128105 8205 10084 8205 128104
128135 127997 8205 9794
127473 127470
127947 127995 8205 9794 65039
129497 127995 8205 9794 65039
11014
127948 127997 8205 9794 65039
128104 8205 128104 8205 128103 8205 128103
129767
128104 8205 128295
129778 127996
129304 127995
128105 127997 8205 10084 8205 128139 8205 128105 127999
128104 127999 8205 10084 65039 8205 128139 8205 128104 127998
128105 127999 8205 129309 8205 128105 127997
129490 127999
128683
129445
129336 127998
127939 127998 8205 9792
128104 127995 8205 129455
128104 127999 8205 10084 8205 128139 8205 128104 127999
128113 127999 8205 9794
128104 127999 8205 127806
129489 127997 8205 10084 65039 8205 128139 8205 129489 127999
128589 8205 9794 65039
10549
128135 127999 8205 9792 65039
127910
129458
128079 127996
129496 127996 8205 9794 65039
128135 127999 8205 9794
128117 127997
128135 127997
128373 127998 8205 9792 65039
128110 127999 8205 9792
128105 127999 8205 10084 8205 128105 127996
128105 127998 8205 10084 8205 128139 8205 128105 127997
127385
128675 127997 8205 9794 65039
128689
128105 8205 127868
129487 127999 8205 9794
9977 65039 8205 9794 65039
129489 127997 8205 10084 8205 129489 127998
129328 127999
129342 127998 8205 9794 65039
129335 127998 8205 9794 65039
128562
128147
129489 127997 8205 9992
128348
129465 127995
12953 65039
128476
128104 127995 8205 10084 8205 128104 127998
129467 127996
129498 127995 8205 9794 65039
128104 127995 8205 10084 8205 128104 127996
9770
128330
128693 127997 8205 9794 65039
129487 127995 8205 9792
127470 127475
128104 127998 8205 127891
129487 127998 8205 9792
128745 65039
128587 127999
128508
127472 127469
129454
129337 8205 9792
127913
129294
56 8419
127855
9000
129486 127998 8205 9794 65039
128548
128283
129489 127997 8205 128658
128104 127998 8205 129458
129497 8205 9792
128104 127997 8205 10084 8205 128104 127999
128544
128105 127996 8205 129309 8205 128104 127995
129295
128256
129489 127999 8205 9877
129489 127997 8205 128188
9802
128582 127997 8205 9792 65039
128104 127998 8205 10084 8205 128104 127998
128215
128104 127998 8205 127806
129492
129489 127996 8205 127806
127464 127487
128139
9976
128104 127998 8205 127859
129341 127996
129371
128583 8205 9792
128477
128129
129368
128526
128745
128406 127998
128317
128134 127996
128069
9918
128104 127997 8205 128640
129337 127997 8205 9794
129497 127999 8205 9792 65039
128105 127997 8205 10084 65039 8205 128104 127997
129500 8205 9794 65039
129489 127996 8205 128640
128105 127999 8205 127806
127466 127464
128031
129485 127999 8205 9794
128692 127995 8205 9792
128130 127998
10036
127949
128105 127996 8205 127859
128700
128574
129336 127999
12336 65039
128104 127999 8205 127979
9888
128105 127996 8205 129455
9745
127759
128113 127995 8205 9792 65039
129464 127998
128589 127999 8205 9794
129760
128675 127998 8205 9794
129781 127998
129489 127997 8205 129469
129499 8205 9792 65039
127940 127998 8205 9794
129469
128113 8205 9792 65039
9969 65039
129509
129489 127995 8205 9878
128588 127995
129331 127997
128282
129342 127997 8205 9794
129489 127996 8205 127981
128583 127998 8205 9792 65039
129489 127998 8205 9878
128466
128105 127999 8205 127868
127473 127486
127769
127748
129489 127998 8205 127979
128105 127998 8205 129309 8205 128104 127995
128105 127998 8205 129455
129501 127999 8205 9794 65039
127477 127462
129489 127999 8205 10084 8205 129489 127995
127465 127466
128105 8205 128102 8205 128102
128675 127996 8205 9794
128589 127998 8205 9792 65039
128105 127999 8205 127859
128119 8205 9794 65039
129500 127995 8205 9792 65039
128104 127997 8205 129309 8205 128104 127998
128076 127999
128180
127468 127484
9210
129487 127997 8205 9794 65039
128104 127998 8205 10084 8205 128104 127995
128170 127995
128400 65039
128105 127995 8205 10084 8205 128139 8205 128104 127997
128590 8205 9794 65039
128590 8205 9794
127463 127484
128290
128294
128406 127999
127774
127950 65039
128073 127997
127948 127997
129496 127999
127955
10017
128134 8205 9792 65039
128105 127996 8205 129456
128105 127998 8205 9992
127863
128149
128105 127999 8205 10084 65039 8205 128139 8205 128105 127997
128421
128738 65039
128451 65039
9827
129489 127997 8205 10084 65039 8205 129489 127998
127948 8205 9792
127474 127472
128718
129489 127998 8205 10084 65039 8205 129489 127995
128007
128227
128104 127996 8205 127981
127939 127995 8205 9794
128591 127995
128104 127996 8205 128188
128675 127999 8205 9794 65039
127480 127463
129318 127998 8205 9794 65039
129497 127997 8205 9792
127929
128104 8205 128102
127377
128105 127998 8205 10084 65039 8205 128104 127999
129311 127995
128111
128693 127997
129669
9209
129336 127995 8205 9794 65039
129310 127997
129342 127999 8205 9792 65039
129310
128105 127998 8205 10084 65039 8205 128105 127998
127463 127474
129780 127997
128113 8205 9792
128119 127995 8205 9792
127482 127474
127765
129779 127995
128105 127995 8205 9878
9995 127999
127480 127471
128104 127995 8205 129309 8205 128104 127998
129330 127995
128651
129489 127998 8205 129309 8205 129489 127999
127905
129341 127997 8205 9792
128467 65039
129335 127999 8205 9792 65039
129305 127996
129413
129497 127998 8205 9794
127916
128136
127464 127484
128093
128119 127997 8205 9794
127744
128103
129489 8205 127891
10017 65039
128266
128105 127998 8205 10084 8205 128104 127995
9729
127947 127997 8205 9792 65039
127948 127996 8205 9794
128105 127997 8205 129309 8205 128105 127995
128105 127997 8205 10084 8205 128105 127999
127477 127486
128165
128105 127996 8205 127912
128105 127996 8205 9992 65039
128693 127999
128134 127995 8205 9794
128589 127999
129335 127997 8205 9792
129489 127995 8205 10084 8205 129489 127996
128105 127998 8205 10084 65039 8205 128139 8205 128105 127997
128692 127995
129318 127998 8205 9792
128646
9884
128115 127998
127465 127472
128590 127998 8205 9794
128104 127997 8205 129455
129699
128104 127997 8205 129458
128133 127996
129489 127995 8205 129468
129340 8205 9794
128105 127995 8205 127908
128105 8205 128103 8205 128103
128400 127997
129333 127999
128105 127998 8205 9877
9832 65039
128582 127997 8205 9792
129493 127995
127796
127809
128032
128153
129330
129487 8205 9792 65039
127483 127470
127483 127482
128063 65039
128112 127996 8205 9794 65039
129335 127996 8205 9792 65039
129489 127999 8205 10084 8205 129489 127997
128105 127998 8205 10084 8205 128104 127999
127380
9904 65039
128105 127999 8205 10084 65039 8205 128104 127997
10036 65039
129688
129492 127999 8205 9794 65039
129489 127996 8205 129469
127939 127997
128675 127995
128692 127995 8205 9794 65039
127786
129495 8205 9794 65039
128451
128374
129328 127998
128104 127995 8205 128640
127947 65039 8205 9794
128104 8205 10084 65039 8205 128139 8205 128104
128291
128694 8205 9794 65039
129360
127751
129309
129514
129489 127999 8205 10084 8205 128139 8205 129489 127995
128693 8205 9792 65039
128351
128181
128104 127999 8205 9878
128110 127998 8205 9794
129489 127999 8205 127806
128287
9876 65039
9925
129489 127995 8205 128640
128528
128583 127995 8205 9792 65039
128575
128582 127998 8205 9792 65039
129464 127999
128105 127999 8205 10084 8205 128104 127996
128566 8205 127787
128373 65039 8205 9792
9195
129712
129310 127996
9193
128117 127995
127466 127468
128589 127997 8205 9794
129318 127995
129485 127995 8205 9792
128078
128116 127996
129489 127998 8205 10084 8205 128139 8205 129489 127999
129486 127999 8205 9792
128653
128105 8205 129458
128678
128591 127999
128178
128104 127995 8205 10084 65039 8205 128139 8205 128104 127995
127753
127474 127468
8618
127946 127995 8205 9794
128104 127996 8205 10084 65039 8205 128139 8205 128104 127999
128110 127995 8205 9794
127477 127475
128694 127995 8205 9792 65039
129489 8205 129468
129685
128756
129656
128110 127996 8205 9792 65039
128112 8205 9794 65039
128357
129464 127995 8205 9794 65039
11013 65039
128515
11015 65039
127789
128585
128675 127999 8205 9794
9977 127999
128298
129423
129489 127999 8205 128300
127477 127474
128693 127996 8205 9792
127471 127476
128230
10067
129781
129383
128105 127995 8205 129309 8205 128105 127997
129489 127996 8205 10084 65039 8205 129489 127998
127463 127481
128105 127999 8205 128187
128105 127997 8205 129309 8205 128104 127996
129397
128378 127996
129465 127996 8205 9794 65039
129342 8205 9792 65039
129777 127995 8205 129778 127998
127776
128104 127996 8205 10084 65039 8205 128104 127997
129492 127995 8205 9794
127939 8205 9792
128589
128540
10004 65039
128589 127996 8205 9794 65039
129495 127995 8205 9794 65039
129297
9977 127996 8205 9792
128130 127996 8205 9792 65039
128588 127998
128760
128105 127996 8205 129468
128105 127995 8205 9878 65039
128665
